date,open,high,close,low,volume,price_change,p_change,ma5,ma10,ma20,v_ma5,v_ma10,v_ma20,turnover
2017-12-07,4.48,4.55,4.51,4.46,87038.01,0.06,1.35,4.512,4.537,4.727,93223.88,89449.25,142038.13,0.53
2017-12-06,4.38,4.48,4.45,4.38,101138.74,0.06,1.37,4.524,4.539,4.767,91300.53,98336.19,158416.77,0.62
2017-12-05,4.56,4.56,4.39,4.36,106067.64,-0.17,-3.73,4.562,4.568,4.804,98927.43,95883.95,171281.34,0.65
2017-12-04,4.66,4.66,4.56,4.55,74052.0,-0.09,-1.94,4.596,4.605,4.84,90225.3,94058.21,173778.84,0.45
2017-12-01,4.57,4.69,4.65,4.57,97823.0,0.08,1.75,4.584,4.626,4.868,89431.42,98814.12,178180.2,0.6
2017-11-30,4.62,4.62,4.57,4.56,77421.25,-0.07,-1.51,4.562,4.634,4.888,85674.62,118596.83,183267.01,0.47
2017-11-29,4.56,4.7,4.64,4.5,139273.25,0.08,1.75,4.554,4.679,4.914,105371.85,122763.4,190797.11,0.85
2017-11-28,4.51,4.57,4.56,4.5,62557.01,0.06,1.33,4.574,4.719,4.936,92840.48,128246.94,195144.95,0.38
2017-11-27,4.56,4.57,4.5,4.49,70082.61,-0.04,-0.88,4.614,4.77,4.967,97891.11,144525.7,202126.95,0.43
2017-11-24,4.52,4.58,4.54,4.51,79039.0,0.01,0.22,4.668,4.84,5.0,108196.81,157671.77,217621.19,0.48
2017-11-23,4.76,4.76,4.53,4.53,175907.36,-0.21,-4.43,4.706,4.917,5.04,151519.03,194627.0,235471.64,1.07
2017-11-22,4.77,4.78,4.74,4.72,76616.4,-0.02,-0.42,4.804,4.995,5.091,140154.96,218497.35,241377.05,0.47
2017-11-21,4.77,4.81,4.76,4.74,87810.2,-0.01,-0.21,4.864,5.04,5.136,163653.41,246678.72,253310.39,0.53
2017-11-20,4.73,4.78,4.77,4.65,121611.1,0.04,0.85,4.926,5.075,5.179,191160.28,253499.47,269062.02,0.74
2017-11-17,5.03,5.05,4.73,4.71,295650.09,-0.29,-5.78,5.012,5.11,5.217,207146.73,257546.28,283570.6,1.8
2017-11-16,5.02,5.05,5.02,4.98,119087.0,-0.02,-0.4,5.128,5.142,5.263,237734.97,247937.18,292532.4,0.73
2017-11-15,5.02,5.13,5.04,5.0,194108.64,-0.03,-0.59,5.186,5.148,5.288,296839.73,258830.82,305913.06,1.18
2017-11-14,5.2,5.23,5.07,5.04,225344.59,-0.13,-2.5,5.216,5.153,5.313,329704.04,262042.96,323398.28,1.37
2017-11-13,5.28,5.31,5.2,5.2,201543.34,-0.11,-2.07,5.224,5.164,5.344,315838.66,259728.2,335731.83,1.23
2017-11-10,5.33,5.48,5.31,5.28,448591.28,0.0,0.0,5.208,5.16,5.37,307945.83,277570.61,383798.19,2.73
2017-11-09,5.2,5.37,5.31,5.17,414610.81,0.12,2.31,5.156,5.162,5.416,258139.4,276316.29,420792.02,2.52
2017-11-08,5.1,5.25,5.19,5.08,358430.16,0.08,1.57,5.11,5.186,5.471,220821.91,264256.75,478273.41,2.18
2017-11-07,5.11,5.12,5.11,5.07,156017.69,-0.01,-0.2,5.09,5.231,5.542,194381.89,259942.06,589715.57,0.95
2017-11-06,5.07,5.13,5.12,5.02,162079.23,0.07,1.39,5.104,5.283,5.612,203617.74,284624.58,607494.2,0.99
2017-11-03,5.07,5.12,5.05,4.98,199559.09,-0.03,-0.59,5.112,5.324,5.651,247195.38,309594.91,608373.51,1.22
2017-11-02,5.06,5.13,5.08,5.0,228023.38,-0.01,-0.2,5.168,5.384,5.667,294493.18,337127.62,620056.89,1.39
2017-11-01,5.18,5.21,5.09,5.09,226230.05,-0.09,-1.74,5.262,5.428,5.676,307691.6,352995.3,624425.27,1.38
2017-10-31,5.14,5.19,5.18,5.11,202196.94,0.02,0.39,5.372,5.472,5.675,325502.23,384753.59,620800.33,1.23
2017-10-30,5.28,5.31,5.16,5.08,379967.44,-0.17,-3.19,5.462,5.524,5.669,365631.41,411735.47,617779.29,2.31
2017-10-27,5.52,5.59,5.33,5.29,436048.09,-0.22,-3.96,5.536,5.579,5.663,371994.44,490025.77,609878.52,2.66
2017-10-26,5.59,5.6,5.55,5.5,294015.47,-0.09,-1.6,5.6,5.67,5.658,379762.06,565267.75,598964.29,1.79
2017-10-25,5.59,5.66,5.64,5.55,315283.22,0.01,0.18,5.594,5.756,5.641,398299.0,692290.07,596638.75,1.92
2017-10-24,5.5,5.63,5.63,5.47,402842.84,0.1,1.81,5.572,5.853,5.625,444004.96,919489.08,595744.78,2.45
2017-10-23,5.59,5.63,5.53,5.44,411782.56,-0.12,-2.12,5.586,5.94,5.61,457839.53,930363.82,592178.94,2.51
2017-10-20,5.53,5.7,5.65,5.48,474886.19,0.13,2.35,5.622,5.978,5.604,608057.1,907152.12,599206.03,2.89
2017-10-19,5.53,5.61,5.52,5.47,386700.19,-0.01,-0.18,5.74,5.95,5.581,750773.43,902986.16,591764.85,2.35
2017-10-18,5.7,5.75,5.53,5.51,543813.0,-0.17,-2.98,5.918,5.923,5.567,986281.15,895855.24,590764.19,3.31
2017-10-17,5.73,5.78,5.7,5.65,472015.72,-0.01,-0.17,6.134,5.878,5.548,1394973.2,856847.06,578963.3,2.87
2017-10-16,5.92,6.01,5.71,5.68,1162870.38,-0.53,-8.49,6.294,5.813,5.518,1402888.1,823823.11,584641.5,7.08
2017-10-13,6.36,6.6,6.24,6.22,1188467.88,-0.17,-2.65,6.334,5.747,5.482,1206247.14,729731.27,538150.44,7.24
2017-10-12,6.38,6.46,6.41,6.15,1564238.75,-0.2,-3.03,6.16,5.645,5.416,1055198.89,632660.84,482496.62,9.53
2017-10-11,6.51,6.94,6.61,6.4,2587273.25,0.11,1.69,5.928,5.525,5.342,805429.33,500987.43,407522.64,15.76
2017-10-10,6.5,6.5,6.5,6.5,511590.25,0.59,9.98,5.622,5.396,5.259,318720.92,272000.49,281811.08,3.12
2017-10-09,5.91,5.91,5.91,5.91,179665.56,0.54,10.06,5.332,5.279,5.183,244758.12,253994.06,259179.94,1.09
2017-09-29,5.25,5.42,5.37,5.16,433226.62,0.12,2.29,5.16,5.229,5.136,253215.4,291259.94,253562.61,2.64
2017-09-28,5.07,5.28,5.25,5.06,315390.97,0.17,3.35,5.13,5.211,5.116,210122.8,280543.54,235587.47,1.92
2017-09-27,5.04,5.13,5.08,5.03,153731.2,0.03,0.59,5.122,5.21,5.102,196545.54,285673.15,222469.07,0.94
2017-09-26,5.05,5.1,5.05,5.01,141776.23,0.0,0.0,5.17,5.217,5.098,225280.06,301079.54,217874.84,0.86
2017-09-25,5.2,5.22,5.05,5.03,221952.0,-0.17,-3.26,5.226,5.222,5.095,263229.99,345459.88,213863.78,1.35
2017-09-22,5.21,5.34,5.22,5.2,217763.59,0.01,0.19,5.298,5.217,5.093,329304.48,346569.61,206304.34,1.33
2017-09-21,5.3,5.37,5.21,5.2,247504.66,-0.11,-2.07,5.292,5.186,5.082,350964.29,332332.4,198751.9,1.51
2017-09-20,5.31,5.42,5.32,5.26,297403.84,-0.01,-0.19,5.298,5.158,5.068,374800.76,314057.84,190682.2,1.81
2017-09-19,5.33,5.37,5.33,5.28,331525.88,-0.08,-1.48,5.264,5.121,5.054,376879.01,291621.66,183680.27,2.02
2017-09-18,5.15,5.45,5.41,5.11,552324.44,0.22,4.24,5.218,5.086,5.036,427689.77,264365.83,171023.29,3.36
2017-09-15,5.3,5.31,5.19,5.1,326062.62,-0.05,-0.95,5.136,5.042,5.017,363834.73,215865.27,148265.61,1.99
2017-09-14,5.14,5.33,5.24,5.12,366687.03,0.09,1.75,5.08,5.021,5.01,313700.52,190631.41,137884.02,2.23
2017-09-13,5.05,5.16,5.15,5.0,307795.09,0.05,0.98,5.018,4.994,5.002,253314.92,159265.0,129977.1,1.87
2017-09-12,5.01,5.26,5.1,5.01,585579.69,0.1,2.0,4.978,4.978,4.999,206364.3,134670.14,123973.64,3.57
2017-09-11,4.93,5.03,5.0,4.92,233049.23,0.09,1.83,4.954,4.968,4.992,101041.88,82267.68,97606.85,1.42
2017-09-08,4.93,4.95,4.91,4.9,75391.56,-0.02,-0.41,4.948,4.969,4.991,67895.8,66039.08,90275.68,0.46
2017-09-07,4.95,4.97,4.93,4.93,64759.05,-0.02,-0.4,4.962,4.977,4.99,67562.29,65171.39,92058.88,0.39
2017-09-06,4.98,4.98,4.95,4.93,73041.99,-0.03,-0.6,4.97,4.978,4.991,65215.08,67306.55,94347.6,0.44
2017-09-05,4.98,4.99,4.98,4.96,58967.59,0.01,0.2,4.978,4.986,4.995,62975.97,75738.89,100523.93,0.36
2017-09-04,4.98,4.98,4.97,4.95,67318.82,-0.01,-0.2,4.982,4.986,4.994,63493.47,77680.75,101060.1,0.41
2017-09-01,4.97,5.01,4.98,4.96,73724.02,0.01,0.2,4.99,4.992,4.995,64182.36,80665.94,104784.99,0.45
2017-08-31,4.99,5.0,4.97,4.95,53022.97,-0.02,-0.4,4.992,4.999,4.991,62780.49,85136.64,104526.38,0.32
2017-08-30,5.0,5.01,4.99,4.98,61846.46,-0.01,-0.2,4.986,5.009,4.987,69398.03,100689.19,104985.34,0.38
2017-08-29,5.01,5.03,5.0,4.98,61555.08,-0.01,-0.2,4.994,5.02,4.983,88501.81,113277.14,107141.11,0.37
2017-08-28,4.98,5.03,5.01,4.97,70763.26,0.02,0.4,4.99,5.016,4.981,91868.04,112946.02,110418.35,0.43
2017-08-25,4.94,5.0,4.99,4.94,66714.66,0.05,1.01,4.994,5.012,4.976,97149.53,114512.27,110222.3,0.41
2017-08-24,5.01,5.04,4.94,4.94,86110.67,-0.09,-1.79,5.006,5.003,4.972,107492.8,118946.37,110220.26,0.52
2017-08-23,4.98,5.07,5.03,4.96,157365.36,0.05,1.0,5.032,5.003,4.97,131980.36,121388.65,109629.3,0.96
2017-08-22,5.02,5.03,4.98,4.98,78386.24,-0.05,-0.99,5.046,5.003,4.961,138052.48,125308.98,104507.55,0.48
2017-08-21,5.03,5.06,5.03,5.01,97170.72,-0.02,-0.4,5.042,5.002,4.958,134024.01,124439.44,102816.96,0.59
2017-08-18,5.03,5.07,5.05,4.99,118431.0,-0.02,-0.39,5.03,4.997,4.952,131875.02,128904.04,101812.59,0.72
2017-08-17,5.1,5.13,5.07,5.02,208548.48,-0.03,-0.59,5.0,4.983,4.943,130399.95,123916.11,98968.26,1.27
2017-08-16,4.95,5.11,5.1,4.91,187725.94,0.14,2.82,4.974,4.965,4.933,110796.93,109281.48,92511.94,1.14
2017-08-15,4.97,5.0,4.96,4.94,58243.9,-0.01,-0.2,4.96,4.945,4.92,112565.48,101005.07,88255.42,0.35
2017-08-14,4.9,5.0,4.97,4.89,86425.77,0.07,1.43,4.962,4.945,4.91,114854.87,107890.67,90935.84,0.53
2017-08-11,4.9,5.05,4.9,4.87,111055.65,-0.04,-0.81,4.964,4.94,4.901,125933.05,105932.33,97983.86,0.68
2017-08-10,5.01,5.01,4.94,4.89,110533.4,-0.09,-1.79,4.966,4.94,4.913,117432.27,101494.16,96912.94,0.67
2017-08-09,5.02,5.12,5.03,5.01,196568.66,0.06,1.21,4.956,4.936,4.922,107766.03,97869.95,94622.77,1.2
2017-08-08,5.0,5.0,4.97,4.95,69690.86,-0.01,-0.2,4.93,4.919,4.927,89444.67,83706.12,89691.08,0.42
2017-08-07,4.91,5.02,4.98,4.88,141816.69,0.07,1.43,4.928,4.913,4.937,100926.48,81194.48,90913.64,0.86
2017-08-04,4.88,4.92,4.91,4.88,68551.75,0.02,0.41,4.916,4.907,4.95,85931.6,74721.15,89319.34,0.42
2017-08-03,4.9,4.91,4.89,4.86,62202.19,-0.01,-0.2,4.914,4.902,4.965,85556.04,74020.41,90514.03,0.38
2017-08-02,4.97,4.98,4.9,4.87,104961.88,-0.06,-1.21,4.916,4.9,4.98,87973.87,75742.4,92346.29,0.64
2017-08-01,4.91,5.04,4.96,4.89,127099.88,0.04,0.81,4.908,4.894,4.994,77967.57,75505.76,91881.58,0.77
2017-07-31,4.89,4.93,4.92,4.88,66842.31,0.02,0.41,4.898,4.875,5.003,61462.48,73981.0,90141.4,0.41
2017-07-28,4.88,4.92,4.9,4.87,66673.93,0.0,0.0,4.898,4.862,5.018,63510.69,90035.39,91495.47,0.41
2017-07-27,4.86,4.91,4.9,4.82,74291.35,0.04,0.82,4.89,4.886,5.032,62484.78,92331.73,91839.35,0.45
2017-07-26,4.9,4.93,4.86,4.85,54930.4,-0.05,-1.02,4.884,4.908,5.043,63510.94,91375.6,90742.66,0.33
2017-07-25,4.9,4.92,4.91,4.88,44574.39,-0.01,-0.2,4.88,4.934,5.057,73043.95,95676.04,91678.67,0.27
2017-07-24,4.85,4.93,4.92,4.84,77083.4,0.06,1.24,4.852,4.96,5.069,86499.53,100632.81,92528.65,0.47
2017-07-21,4.87,4.88,4.86,4.83,61544.38,-0.01,-0.2,4.826,4.992,5.079,116560.09,103917.54,93083.94,0.37
2017-07-20,4.83,4.9,4.87,4.83,79422.12,0.03,0.62,4.882,5.028,5.089,122178.67,107007.65,95865.14,0.48
2017-07-19,4.76,4.86,4.84,4.7,102595.47,0.07,1.47,4.932,5.059,5.1,119240.26,108950.17,98052.89,0.62
2017-07-18,4.76,4.82,4.77,4.68,111852.28,-0.02,-0.42,4.988,5.094,5.119,118308.12,108257.4,96073.77,0.68
2017-07-17,5.06,5.08,4.79,4.68,227386.2,-0.35,-6.81,5.068,5.131,5.14,114766.09,106301.79,95619.43,1.38
2017-07-14,5.13,5.15,5.14,5.08,89637.27,0.02,0.39,5.158,5.174,5.162,91274.99,92955.54,88168.38,0.55
2017-07-13,5.1,5.15,5.12,5.09,64730.06,0.0,0.0,5.174,5.177,5.164,91836.63,91346.98,87025.77,0.39
2017-07-12,5.17,5.18,5.12,5.06,97934.8,-0.05,-0.97,5.186,5.178,5.169,98660.08,90109.72,90214.62,0.6
2017-07-11,5.24,5.26,5.17,5.16,94142.11,-0.07,-1.34,5.2,5.18,5.172,98206.68,87681.3,93257.67,0.57
2017-07-10,5.2,5.25,5.24,5.19,109930.69,0.02,0.38,5.194,5.177,5.172,97837.49,84424.49,95559.68,0.67
2017-07-07,5.18,5.22,5.22,5.16,92445.5,0.04,0.77,5.19,5.165,5.163,94636.09,82250.34,95975.62,0.56
2017-07-06,5.19,5.22,5.18,5.14,98847.28,-0.01,-0.19,5.18,5.149,5.16,90857.33,84722.63,95468.28,0.6
2017-07-05,5.1,5.19,5.19,5.1,95667.84,0.05,0.97,5.17,5.141,5.16,81559.36,87155.61,97060.81,0.58
2017-07-04,5.22,5.23,5.14,5.13,92296.14,-0.08,-1.53,5.16,5.143,5.16,77155.92,83890.13,99183.52,0.56
2017-07-03,5.18,5.23,5.22,5.16,93923.71,0.05,0.97,5.16,5.149,5.159,71011.49,84937.07,98716.05,0.57
2017-06-30,5.15,5.19,5.17,5.12,73551.68,0.04,0.78,5.14,5.149,5.155,69864.58,83381.22,99403.83,0.45
2017-06-29,5.12,5.17,5.13,5.12,52357.45,-0.01,-0.2,5.118,5.151,5.154,78587.94,82704.55,102619.69,0.32
2017-06-28,5.13,5.17,5.14,5.1,73650.62,0.0,0.0,5.112,5.159,5.148,92751.85,90319.51,103947.36,0.45
2017-06-27,5.13,5.15,5.14,5.11,61574.01,0.02,0.39,5.126,5.164,5.144,90624.34,98834.04,103590.53,0.37
2017-06-26,5.08,5.13,5.12,5.06,88189.15,0.06,1.19,5.138,5.166,5.142,98862.64,106694.86,104548.12,0.54
2017-06-23,5.09,5.13,5.06,5.0,117168.46,-0.04,-0.78,5.158,5.161,5.143,96897.86,109700.9,105902.96,0.71
2017-06-22,5.19,5.2,5.1,5.08,123177.01,-0.11,-2.11,5.184,5.171,5.144,86821.17,106213.93,103971.9,0.75
2017-06-21,5.2,5.22,5.21,5.16,63013.08,0.01,0.19,5.206,5.179,5.139,87887.18,106966.0,102091.39,0.38
2017-06-20,5.23,5.25,5.2,5.18,102765.5,-0.02,-0.38,5.202,5.177,5.132,107043.73,114476.91,103027.63,0.63
2017-06-19,5.17,5.22,5.22,5.16,78365.26,0.03,0.58,5.194,5.169,5.131,114527.08,112495.03,101767.79,0.48
2017-06-16,5.21,5.23,5.19,5.18,66784.98,-0.02,-0.38,5.164,5.16,5.128,122503.93,115426.43,105840.52,0.41
2017-06-15,5.17,5.25,5.21,5.15,128507.06,0.02,0.39,5.158,5.157,5.133,125606.69,122534.82,116643.31,0.78
2017-06-14,5.14,5.26,5.19,5.12,158795.84,0.03,0.58,5.152,5.136,5.145,126044.83,117575.2,126202.45,0.97
2017-06-13,5.07,5.22,5.16,5.06,140182.27,0.09,1.77,5.152,5.123,5.137,121910.09,108347.02,120348.96,0.85
2017-06-12,5.14,5.16,5.07,5.06,118249.49,-0.09,-1.74,5.144,5.117,5.131,110462.98,102401.39,116643.76,0.72
2017-06-09,5.19,5.19,5.16,5.12,82298.81,-0.02,-0.39,5.156,5.125,5.129,108348.93,102105.02,115412.38,0.5
2017-06-08,5.19,5.22,5.18,5.14,130697.75,-0.01,-0.19,5.156,5.117,5.123,119462.95,101729.87,114624.96,0.8
2017-06-07,5.11,5.21,5.19,5.1,138122.12,0.07,1.37,5.12,5.098,5.124,109105.57,97216.78,112346.32,0.84
2017-06-06,5.1,5.12,5.12,5.06,82946.75,-0.01,-0.2,5.094,5.086,5.118,94783.95,91578.35,109679.46,0.51
2017-06-05,5.15,5.17,5.13,5.07,107679.24,-0.03,-0.58,5.09,5.092,5.12,94339.79,91040.55,111674.57,0.66
2017-06-02,5.05,5.18,5.16,5.03,137868.89,0.16,3.2,5.094,5.096,5.133,95861.1,96254.6,109751.78,0.84
2017-06-01,5.05,5.09,5.0,4.99,78910.86,-0.06,-1.19,5.078,5.108,5.146,83996.79,110751.79,107711.28,0.48
2017-05-31,5.15,5.19,5.06,5.06,66514.0,-0.04,-0.78,5.076,5.153,5.162,85327.99,134829.71,106865.91,0.41
2017-05-26,5.1,5.19,5.1,5.08,80725.98,-0.05,-0.97,5.078,5.15,5.174,88372.75,132350.91,107004.36,0.49
2017-05-25,5.07,5.19,5.15,4.99,115285.77,0.07,1.38,5.094,5.144,5.183,87741.31,130886.13,109326.04,0.7
2017-05-24,4.98,5.09,5.08,4.95,78547.36,0.09,1.8,5.098,5.132,5.191,96648.1,128719.75,106781.63,0.48
2017-05-23,5.09,5.13,4.99,4.97,85566.82,-0.08,-1.58,5.138,5.129,5.201,137506.79,127520.05,106607.69,0.52
2017-05-22,5.17,5.2,5.07,5.05,81737.81,-0.11,-2.12,5.23,5.149,5.215,184331.43,127475.87,109389.27,0.5
2017-05-19,5.17,5.21,5.18,5.13,77568.81,0.01,0.19,5.222,5.15,5.237,176329.07,127780.57,109860.25,0.47
2017-05-18,5.22,5.3,5.17,5.16,159819.7,-0.11,-2.08,5.194,5.148,5.255,174030.95,132308.59,111971.03,0.97
2017-05-17,5.38,5.41,5.28,5.19,282840.81,-0.17,-3.12,5.166,5.169,5.275,160791.4,123248.95,112494.26,1.72
2017-05-16,5.02,5.47,5.45,4.92,319690.0,0.42,8.35,5.12,5.183,5.293,117533.32,104670.77,108170.46,1.95
2017-05-15,5.06,5.07,5.03,5.01,41726.05,-0.01,-0.2,5.068,5.171,5.311,70620.3,78902.11,103494.7,0.25
2017-05-12,5.03,5.06,5.04,4.98,66078.2,0.01,0.2,5.078,5.198,5.361,79232.06,81657.81,113558.92,0.4
2017-05-11,5.03,5.05,5.03,4.92,93621.92,-0.02,-0.4,5.102,5.221,5.417,90586.23,87765.94,125291.08,0.57
2017-05-10,5.16,5.21,5.05,5.04,66550.43,-0.14,-2.7,5.172,5.25,5.468,85706.51,84843.52,131531.44,0.41
2017-05-09,5.09,5.22,5.19,5.04,85124.92,0.11,2.17,5.246,5.273,5.517,91808.21,85695.33,140317.96,0.52
2017-05-08,5.16,5.18,5.08,5.06,84784.82,-0.08,-1.55,5.274,5.28,5.56,87183.91,91302.67,145414.67,0.52
2017-05-05,5.31,5.31,5.16,5.15,122849.05,-0.22,-4.09,5.318,5.324,5.605,84083.56,91939.93,147368.36,0.75
2017-05-04,5.41,5.43,5.38,5.35,69223.33,-0.04,-0.74,5.34,5.362,5.645,84945.66,91633.47,147858.07,0.42
2017-05-03,5.35,5.47,5.42,5.32,97058.93,0.09,1.69,5.328,5.38,5.676,83980.53,101739.57,154627.71,0.59
2017-05-02,5.31,5.36,5.33,5.29,62003.43,0.03,0.57,5.3,5.402,5.7,79582.44,111670.15,157473.5,0.38
2017-04-28,5.27,5.33,5.3,5.23,69283.04,0.03,0.57,5.286,5.45,5.725,95421.42,128087.29,162963.91,0.42
2017-04-27,5.31,5.32,5.27,5.09,127159.57,-0.05,-0.94,5.33,5.523,5.758,99796.3,145460.04,166496.56,0.77
2017-04-26,5.3,5.35,5.32,5.27,64397.68,0.04,0.76,5.384,5.613,5.797,98321.27,162816.21,164462.13,0.39
2017-04-25,5.27,5.36,5.28,5.27,75068.48,0.02,0.38,5.432,5.685,5.834,119498.61,178219.36,167935.55,0.46
2017-04-24,5.45,5.5,5.26,5.23,141198.34,-0.26,-4.71,5.504,5.761,5.875,143757.86,194940.6,171779.08,0.86
2017-04-21,5.52,5.59,5.52,5.52,91157.44,-0.02,-0.36,5.614,5.84,5.915,160753.15,199526.67,176040.77,0.56
2017-04-20,5.52,5.62,5.54,5.48,119784.42,-0.02,-0.36,5.716,5.885,5.937,191123.77,202796.8,178941.81,0.73
2017-04-19,5.64,5.64,5.56,5.45,170284.36,-0.08,-1.42,5.842,5.927,5.962,227311.15,204082.67,179503.51,1.04
2017-04-18,5.82,5.86,5.64,5.63,196364.73,-0.17,-2.93,5.938,5.971,5.988,236940.11,207515.85,178422.89,1.2
2017-04-17,6.0,6.02,5.81,5.75,226174.8,-0.22,-3.65,6.018,5.997,6.011,246123.35,203276.86,177382.7,1.38
2017-04-14,6.15,6.19,6.03,5.98,243010.56,-0.14,-2.27,6.066,6.0,6.029,238300.19,197840.53,175558.24,1.48
2017-04-13,6.03,6.21,6.17,6.01,300721.31,0.13,2.15,6.054,5.993,6.03,214469.82,187533.07,171064.19,1.83
2017-04-12,6.03,6.1,6.04,5.97,218429.16,0.0,0.0,6.012,5.98,6.027,180854.2,166108.05,163762.61,1.33
2017-04-11,6.04,6.1,6.04,5.92,242280.92,-0.01,-0.17,6.004,5.983,6.032,178091.59,157651.75,160874.51,1.48
2017-04-10,6.0,6.06,6.05,5.95,187058.98,0.08,1.34,5.976,5.989,6.034,160430.36,148617.56,158760.11,1.14
2017-04-07,5.97,6.0,5.97,5.93,123858.75,0.01,0.17,5.934,5.989,6.039,157380.87,152554.87,168877.49,0.75
2017-04-06,6.0,6.0,5.96,5.93,132643.17,-0.04,-0.67,5.932,5.988,6.058,160596.32,155086.82,192609.89,0.81
2017-04-05,5.9,6.0,6.0,5.87,204616.12,0.1,1.7,5.948,5.997,6.084,151361.91,154924.36,215404.49,1.25
2017-03-31,5.83,5.93,5.9,5.83,153974.78,0.06,1.03,5.962,6.005,6.101,137211.91,149329.92,221577.53,0.94
2017-03-30,5.94,5.97,5.84,5.83,171811.52,-0.12,-2.01,6.002,6.024,6.123,136804.77,151488.54,230847.63,1.05
2017-03-29,6.03,6.06,5.96,5.95,139936.03,-0.08,-1.32,6.044,6.057,6.143,147728.87,153275.96,237562.72,0.85
2017-03-28,6.05,6.12,6.04,6.02,86471.1,-0.03,-0.49,6.044,6.067,6.163,149577.31,154595.31,254957.0,0.53
2017-03-27,6.1,6.13,6.07,6.06,133866.11,-0.03,-0.49,6.046,6.073,6.176,158486.8,161417.16,270763.51,0.82
2017-03-24,6.05,6.1,6.1,6.0,151939.08,0.05,0.83,6.048,6.08,6.184,161447.94,164097.27,284428.6,0.93
2017-03-23,5.96,6.07,6.05,5.93,226432.05,0.09,1.51,6.046,6.078,6.196,166172.31,168902.65,305405.34,1.38
2017-03-22,5.99,6.0,5.96,5.92,149178.22,-0.09,-1.49,6.07,6.089,6.216,158823.04,185200.11,342825.65,0.91
2017-03-21,6.07,6.08,6.05,6.01,131018.54,-0.03,-0.49,6.09,6.127,6.251,159613.31,230132.96,433208.13,0.8
2017-03-20,6.08,6.09,6.08,6.01,148671.8,-0.01,-0.16,6.1,6.17,6.266,164347.52,275884.63,446226.59,0.91
2017-03-17,6.17,6.21,6.09,6.08,175560.92,-0.08,-1.3,6.112,6.196,6.25,166746.6,293825.14,452119.47,1.07
2017-03-16,6.07,6.18,6.17,6.07,189685.72,0.11,1.81,6.11,6.222,6.226,171633.0,310206.72,453740.23,1.16
2017-03-15,6.1,6.1,6.06,6.01,153129.56,-0.04,-0.66,6.108,6.228,6.204,211577.18,321849.49,453147.38,0.93
2017-03-14,6.14,6.16,6.1,6.07,154689.61,-0.04,-0.65,6.164,6.259,6.188,300652.62,355318.69,455431.91,0.94
2017-03-13,6.07,6.15,6.14,6.05,160667.2,0.06,0.99,6.24,6.279,6.17,387421.75,380109.87,456791.45,0.98
2017-03-10,6.14,6.19,6.08,6.08,199992.91,-0.08,-1.3,6.28,6.287,6.153,420903.68,404759.92,464909.77,1.22
2017-03-09,6.24,6.29,6.16,6.13,389406.62,-0.18,-2.84,6.334,6.313,6.133,448780.44,441908.03,463614.73,2.37
2017-03-08,6.62,6.73,6.34,6.33,598506.75,-0.14,-2.16,6.348,6.342,6.111,432121.8,500451.19,455945.77,3.64
2017-03-07,6.32,6.52,6.48,6.24,588535.25,0.14,2.21,6.354,6.374,6.08,409984.76,636283.3,437182.71,3.58
2017-03-06,6.31,6.41,6.34,6.25,328076.88,-0.01,-0.16,6.318,6.361,6.042,372797.99,616568.54,418207.3,2.0
2017-03-03,6.23,6.37,6.35,6.17,339376.72,0.12,1.93,6.294,6.304,6.012,388616.16,610413.8,415781.52,2.07
2017-03-02,6.35,6.35,6.23,6.2,306113.41,-0.14,-2.2,6.292,6.229,5.976,435035.61,597273.74,407143.48,1.86
2017-03-01,6.26,6.46,6.37,6.22,487821.53,0.07,1.11,6.336,6.18,5.944,568780.57,584445.28,391837.86,2.97
2017-02-28,6.2,6.31,6.3,6.15,402601.41,0.08,1.29,6.394,6.116,5.906,862581.84,555545.14,374109.4,2.45
2017-02-27,6.35,6.38,6.22,6.21,407167.72,-0.12,-1.89,6.404,6.061,5.873,860339.1,533473.03,364646.97,2.48
2017-02-24,6.39,6.5,6.34,6.33,571474.0,-0.11,-1.71,6.314,6.019,5.842,832211.43,525059.63,351388.88,3.48
2017-02-23,6.5,6.61,6.45,6.35,974838.19,-0.21,-3.15,6.166,5.953,5.803,759511.87,485321.43,332099.45,5.94
2017-02-22,6.6,6.98,6.66,6.52,1956827.88,0.31,4.88,6.024,5.88,5.761,600109.98,411440.35,294565.53,11.92
2017-02-21,5.9,6.35,6.35,5.9,391387.69,0.58,10.05,5.838,5.786,5.705,248508.43,238082.12,210602.77,2.38
2017-02-20,5.63,5.79,5.77,5.61,266529.41,0.17,3.04,5.718,5.722,5.671,206606.95,219846.05,206265.47,1.62
2017-02-17,5.74,5.74,5.6,5.59,207976.2,-0.14,-2.44,5.724,5.72,5.666,217907.82,221149.24,234129.76,1.27
2017-02-16,5.7,5.74,5.74,5.66,177828.73,0.01,0.17,5.74,5.722,5.66,211130.99,217013.21,250822.7,1.08
2017-02-15,5.75,5.8,5.73,5.71,198820.12,-0.02,-0.35,5.736,5.708,5.644,222770.72,199230.44,253511.36,1.21
2017-02-14,5.78,5.81,5.75,5.72,181880.31,-0.05,-0.86,5.734,5.695,5.627,227655.81,192673.66,256512.9,1.11
2017-02-13,5.7,5.83,5.8,5.66,323033.72,0.12,2.11,5.726,5.684,5.607,233085.14,195820.91,258262.73,1.97
2017-02-10,5.73,5.73,5.68,5.66,174092.09,-0.04,-0.7,5.716,5.664,5.589,224390.66,177718.14,254352.24,1.06
2017-02-09,5.71,5.77,5.72,5.68,236027.36,0.0,0.0,5.704,5.653,5.582,222895.43,178877.47,263788.39,1.44
2017-02-08,5.69,5.72,5.72,5.62,223245.55,0.01,0.17,5.68,5.641,5.568,175690.15,177690.7,263981.74,1.36
2017-02-07,5.76,5.76,5.71,5.68,209027.0,-0.04,-0.7,5.656,5.623,5.553,157691.51,183123.42,266149.57,1.27
2017-02-06,5.63,5.75,5.75,5.63,279561.31,0.13,2.31,5.642,5.619,5.542,158556.67,192684.89,274878.36,1.7
2017-02-03,5.6,5.74,5.62,5.56,166615.91,0.02,0.36,5.612,5.612,5.525,131045.61,247110.27,274403.77,1.01
2017-02-02,5.6,5.6,5.6,5.6,1.0,0.0,0.0,5.602,5.598,5.512,134859.5,284632.19,279676.83,0.0
2017-01-26,5.63,5.68,5.6,5.59,133252.34,-0.04,-0.71,5.602,5.579,5.504,179691.25,307792.29,293408.25,0.81
2017-01-25,5.6,5.67,5.64,5.55,213352.8,0.04,0.71,5.59,5.559,5.497,208555.33,320352.14,307043.74,1.3
2017-01-24,5.57,5.62,5.6,5.55,142006.02,0.03,0.54,5.596,5.53,5.491,226813.11,320704.56,317531.84,0.86
2017-01-23,5.58,5.63,5.57,5.55,185685.36,-0.03,-0.54,5.612,5.514,5.491,363174.93,330986.33,342174.32,1.13
2017-01-20,5.55,5.64,5.6,5.51,224159.72,0.06,1.08,5.594,5.51,5.488,434404.87,348699.31,388494.18,1.37
2017-01-19,5.66,5.72,5.54,5.53,277572.75,-0.13,-2.29,5.556,5.494,5.496,435893.33,350272.77,420177.27,1.69
2017-01-18,5.64,5.67,5.67,5.57,304641.72,-0.01,-0.18,5.528,5.483,5.481,432148.96,349175.71,412654.57,1.86
2017-01-17,5.44,5.74,5.68,5.38,823815.12,0.2,3.65,5.464,5.464,5.456,414596.0,357071.83,401854.25,5.02
2017-01-16,5.37,5.52,5.48,5.2,541835.06,0.07,1.29,5.416,5.437,5.431,298797.74,301697.27,364963.76,3.3
2017-01-13,5.35,5.43,5.41,5.35,231602.0,0.01,0.18,5.426,5.425,5.415,262993.75,274721.48,342405.56,1.41
2017-01-12,5.34,5.42,5.4,5.28,258850.88,0.05,0.94,5.432,5.428,5.4,264652.21,279024.2,336294.74,1.58
2017-01-11,5.42,5.49,5.35,5.34,216876.94,-0.09,-1.65,5.438,5.434,5.385,266202.47,293735.34,327862.94,1.32
2017-01-10,5.53,5.53,5.44,5.43,244823.8,-0.09,-1.63,5.464,5.452,5.372,299547.65,314359.12,322358.75,1.49
2017-01-09,5.42,5.55,5.53,5.41,362815.12,0.09,1.65,5.458,5.468,5.356,304596.8,353362.31,320768.7,2.21
2017-01-06,5.44,5.46,5.44,5.38,239894.31,0.01,0.18,5.424,5.466,5.348,286449.2,428289.05,309587.1,1.46
2017-01-05,5.47,5.48,5.43,5.42,266602.19,-0.05,-0.91,5.424,5.498,5.343,293396.2,490081.78,302806.81,1.62
2017-01-04,5.42,5.49,5.48,5.39,383602.84,0.07,1.29,5.43,5.479,5.338,321268.2,476133.43,297230.37,2.34
2017-01-03,5.38,5.43,5.41,5.36,270069.56,0.05,0.93,5.44,5.447,5.327,329170.59,446636.68,285428.57,1.64
2016-12-30,5.41,5.47,5.36,5.36,272077.12,-0.08,-1.47,5.478,5.424,5.32,402127.82,428230.26,280823.08,1.66
2016-12-29,5.45,5.5,5.44,5.41,274629.28,-0.02,-0.37,5.508,5.404,5.319,570128.89,410089.65,279725.4,1.67
2016-12-28,5.52,5.56,5.46,5.45,405962.19,-0.07,-1.27,5.572,5.372,5.321,686767.36,393565.27,281493.98,2.47
2016-12-27,5.56,5.66,5.53,5.5,423114.81,-0.07,-1.25,5.528,5.335,5.316,630998.66,361990.54,269780.27,2.58
2016-12-26,5.45,5.64,5.6,5.38,634855.69,0.09,1.63,5.454,5.292,5.307,564102.77,330358.37,260075.46,3.87
2016-12-23,5.82,5.89,5.51,5.51,1112082.5,-0.25,-4.34,5.37,5.243,5.296,454332.7,288175.1,236080.9,6.77
2016-12-22,5.21,5.76,5.76,5.19,857821.62,0.52,9.92,5.3,5.229,5.288,250050.41,190885.15,189597.81,5.22
2016-12-21,5.16,5.27,5.24,5.16,127118.7,0.08,1.55,5.172,5.188,5.268,100363.18,115531.83,154254.25,0.77
2016-12-20,5.17,5.19,5.16,5.11,88635.32,-0.02,-0.39,5.142,5.197,5.273,92982.42,118327.3,160877.93,0.54
2016-12-19,5.21,5.26,5.18,5.14,86005.36,0.02,0.39,5.13,5.207,5.285,96613.98,124220.46,164596.23,0.52
2016-12-16,5.12,5.2,5.16,5.11,90671.04,0.04,0.78,5.116,5.215,5.294,122017.49,133415.9,167982.38,0.55
2016-12-15,5.06,5.14,5.12,5.06,109385.5,0.03,0.59,5.158,5.233,5.301,131719.88,149361.14,168735.03,0.67
2016-12-14,5.11,5.13,5.09,5.06,90214.88,-0.01,-0.2,5.204,5.269,5.315,130700.48,169422.68,173185.71,0.55
2016-12-13,5.09,5.14,5.1,5.05,106793.1,-0.01,-0.2,5.252,5.296,5.328,143672.18,177569.99,175054.54,0.65
2016-12-12,5.38,5.41,5.11,5.01,213022.95,-0.26,-4.84,5.284,5.322,5.341,151826.94,189792.56,178286.58,1.3
2016-12-09,5.33,5.41,5.37,5.33,139182.98,0.02,0.37,5.314,5.349,5.353,144814.31,183986.69,179046.86,0.85
2016-12-08,5.32,5.38,5.35,5.32,104288.47,0.02,0.38,5.308,5.347,5.348,167002.4,188310.47,182842.39,0.64
2016-12-07,5.27,5.34,5.33,5.25,155073.42,0.07,1.33,5.334,5.347,5.344,208144.88,192976.67,186000.12,0.94
2016-12-06,5.27,5.3,5.26,5.25,147566.88,0.0,0.0,5.34,5.349,5.338,211467.8,203428.56,189215.66,0.9
2016-12-05,5.32,5.35,5.26,5.24,177959.81,-0.08,-1.5,5.36,5.363,5.338,227758.18,204972.0,193770.82,1.08
2016-12-02,5.45,5.52,5.34,5.34,250123.41,-0.14,-2.56,5.384,5.372,5.336,223159.08,202548.85,193131.98,1.52
2016-12-01,5.36,5.48,5.48,5.34,310000.88,0.12,2.24,5.386,5.369,5.329,209618.55,188108.92,185627.75,1.89
2016-11-30,5.35,5.39,5.36,5.32,171688.0,0.0,0.0,5.36,5.36,5.314,177808.45,176948.74,175720.38,1.05
2016-11-29,5.36,5.45,5.36,5.36,229018.78,-0.02,-0.37,5.358,5.359,5.304,195389.33,172539.09,172475.43,1.39
2016-11-28,5.37,5.39,5.38,5.34,154964.31,0.03,0.56,5.366,5.359,5.295,182185.83,166780.61,165120.33,0.94
2016-11-25,5.35,5.38,5.35,5.27,182420.77,0.0,0.0,5.36,5.356,5.286,181938.63,174107.03,161772.87,1.11
2016-11-24,5.32,5.42,5.35,5.32,150950.41,0.0,0.0,5.352,5.349,5.279,166599.29,177374.31,158545.61,0.92
2016-11-23,5.4,5.45,5.35,5.34,259592.36,-0.05,-0.93,5.36,5.341,5.272,176089.02,179023.57,157886.2,1.58
2016-11-22,5.35,5.4,5.4,5.34,163001.31,0.05,0.94,5.36,5.326,5.264,149688.86,175002.76,153451.91,0.99
2016-11-21,5.32,5.39,5.35,5.31,153728.31,0.04,0.75,5.352,5.313,5.251,151375.38,182569.64,152828.94,0.94
2016-11-18,5.37,5.4,5.31,5.31,105724.05,-0.08,-1.48,5.352,5.3,5.242,166275.43,183715.11,150504.56,0.64
2016-11-17,5.33,5.4,5.39,5.28,198399.05,0.04,0.75,5.346,5.288,5.237,188149.33,183146.59,154472.4,1.21
2016-11-16,5.36,5.38,5.35,5.32,127591.56,-0.01,-0.19,5.322,5.268,5.227,181958.13,174492.03,160151.49,0.78
2016-11-15,5.37,5.39,5.36,5.33,171433.95,0.01,0.19,5.292,5.249,5.213,200316.66,172411.77,163368.05,1.04
2016-11-14,5.29,5.37,5.35,5.28,228228.52,0.07,1.33,5.274,5.231,5.2,213763.9,163460.04,160231.27,1.39
2016-11-11,5.27,5.32,5.28,5.25,215093.56,0.01,0.19,5.248,5.216,5.186,201154.8,149438.71,154326.21,1.31
2016-11-10,5.24,5.29,5.27,5.23,167443.05,0.07,1.35,5.23,5.209,5.177,178143.85,139716.91,150397.94,1.02
2016-11-09,5.27,5.28,5.2,5.14,219384.23,-0.07,-1.33,5.214,5.203,5.169,167025.93,136748.83,150131.97,1.34
2016-11-08,5.23,5.31,5.27,5.21,238670.16,0.05,0.96,5.206,5.202,5.162,144506.88,131901.05,145871.95,1.45
2016-11-07,5.19,5.26,5.22,5.18,165183.0,0.03,0.58,5.188,5.188,5.147,113156.18,123088.24,138566.05,1.01
2016-11-04,5.18,5.21,5.19,5.17,100038.81,0.0,0.0,5.184,5.184,5.133,97722.62,117294.01,137662.94,0.61
2016-11-03,5.13,5.21,5.19,5.11,111853.47,0.03,0.58,5.188,5.185,5.121,101289.97,125798.22,137134.69,0.68
2016-11-02,5.18,5.2,5.16,5.15,106788.94,-0.03,-0.58,5.192,5.185,5.111,106471.72,145810.95,138198.86,0.65
2016-10-28,5.19,5.22,5.18,5.17,81916.69,-0.02,-0.39,5.198,5.177,5.102,119295.23,154324.33,141164.88,0.5
2016-10-27,5.2,5.21,5.2,5.15,88015.17,-0.01,-0.19,5.188,5.168,5.098,133020.3,157002.5,141087.05,0.54
2016-10-26,5.22,5.22,5.21,5.17,117875.6,0.0,0.0,5.184,5.156,5.094,136865.4,159213.72,142965.73,0.72
2016-10-25,5.19,5.23,5.21,5.17,137762.19,0.02,0.39,5.182,5.144,5.09,150306.47,161078.98,141766.31,0.84
2016-10-24,5.13,5.2,5.19,5.13,170906.5,0.06,1.17,5.178,5.135,5.084,185150.18,163515.11,139178.15,1.04
2016-10-21,5.18,5.18,5.13,5.09,150542.02,-0.05,-0.96,5.156,5.122,5.082,189353.43,159842.84,134395.12,0.92
2016-10-20,5.19,5.21,5.18,5.16,107240.71,-0.02,-0.39,5.148,5.105,5.081,180984.7,154043.85,131941.6,0.65
2016-10-19,5.17,5.23,5.2,5.17,185080.91,0.01,0.19,5.128,5.082,5.077,181562.03,158031.87,131631.1,1.13
2016-10-18,5.09,5.2,5.19,5.06,311980.78,0.11,2.17,5.106,5.057,5.072,171851.49,148471.16,136351.86,1.9
2016-10-17,5.11,5.15,5.08,5.08,191922.75,-0.01,-0.2,5.092,5.036,5.077,141880.04,130586.78,137969.79,1.17
2016-10-14,5.08,5.1,5.09,5.03,108698.33,0.01,0.2,5.088,5.026,5.086,130332.25,128005.43,134340.57,0.66
2016-10-13,5.07,5.1,5.08,5.04,110127.4,-0.01,-0.2,5.062,5.027,5.095,127103.01,125171.6,137754.28,0.67
2016-10-12,5.09,5.12,5.09,5.04,136528.19,-0.03,-0.59,5.036,5.032,5.105,134501.71,126717.73,143071.34,0.83
2016-10-11,5.05,5.13,5.12,5.05,162123.55,0.06,1.19,5.008,5.035,5.112,125090.83,122453.64,145488.33,0.99
2016-10-10,4.98,5.06,5.06,4.97,134183.77,0.1,2.02,4.98,5.033,5.116,119293.51,114841.2,141846.85,0.82
2016-09-30,4.95,4.97,4.96,4.92,92552.15,0.01,0.2,4.964,5.041,5.123,125678.61,108947.41,140097.7,0.56
2016-09-29,4.94,4.98,4.95,4.93,147120.88,0.0,0.0,4.992,5.056,5.136,123240.19,109839.35,140960.66,0.9
2016-09-28,4.98,4.99,4.95,4.93,89473.79,-0.03,-0.6,5.028,5.072,5.149,118933.76,105230.34,139258.49,0.54
2016-09-27,4.97,4.99,4.98,4.91,133136.94,0.0,0.0,5.062,5.086,5.16,119816.44,124232.56,138776.89,0.81
2016-09-26,5.09,5.1,4.98,4.97,166109.27,-0.12,-2.35,5.086,5.117,5.17,110388.89,145352.81,138877.66,1.01
2016-09-23,5.13,5.14,5.1,5.09,80360.05,-0.03,-0.58,5.118,5.146,5.178,92216.21,140675.71,136955.09,0.49
2016-09-22,5.14,5.15,5.13,5.11,125588.73,0.01,0.2,5.12,5.162,5.184,96438.52,150336.95,137494.13,0.76
2016-09-21,5.1,5.13,5.12,5.1,93887.23,0.02,0.39,5.116,5.177,5.188,91526.91,159424.94,137332.45,0.57
2016-09-20,5.15,5.15,5.1,5.09,85999.15,-0.04,-0.78,5.11,5.189,5.192,128648.67,168523.02,138629.63,0.52
2016-09-19,5.12,5.16,5.14,5.12,75245.88,0.03,0.59,5.148,5.198,5.198,180316.74,168852.51,141950.27,0.46
2016-09-14,5.1,5.15,5.11,5.08,101471.59,0.0,0.0,5.174,5.204,5.203,189135.22,171248.0,146175.24,0.62
2016-09-13,5.12,5.13,5.11,5.09,101030.72,0.02,0.39,5.204,5.215,5.208,204235.39,172081.97,148049.72,0.62
2016-09-12,5.2,5.2,5.09,5.08,279496.03,-0.2,-3.78,5.238,5.225,5.213,227322.96,173286.65,153224.17,1.7
2016-09-09,5.28,5.4,5.29,5.27,344339.47,0.02,0.38,5.268,5.234,5.219,208397.37,153321.22,153089.81,2.1
2016-09-08,5.28,5.3,5.27,5.24,119338.28,0.01,0.19,5.248,5.222,5.21,157388.27,132402.51,141144.34,0.73
2016-09-07,5.24,5.31,5.26,5.24,176972.47,-0.02,-0.38,5.234,5.21,5.198,153360.77,133234.46,142073.86,1.08
2016-09-06,5.25,5.28,5.28,5.19,216468.56,0.04,0.76,5.226,5.205,5.191,139928.55,124651.31,140112.92,1.32
2016-09-05,5.2,5.25,5.24,5.2,184868.05,0.05,0.96,5.212,5.199,5.183,119250.34,115239.95,135739.91,1.13
2016-09-02,5.19,5.21,5.19,5.16,89294.0,-0.01,-0.19,5.2,5.195,5.175,98245.07,108736.25,133996.91,0.54
2016-09-01,5.22,5.23,5.2,5.19,99200.78,-0.02,-0.38,5.196,5.198,5.167,107416.76,115048.03,135106.65,0.6
2016-08-31,5.21,5.24,5.22,5.18,109811.34,0.01,0.19,5.186,5.202,5.161,113108.15,121102.49,135721.82,0.67
2016-08-30,5.19,5.23,5.21,5.18,113077.54,0.03,0.58,5.184,5.201,5.152,109374.07,124017.47,134917.5,0.69
2016-08-29,5.17,5.19,5.18,5.14,79841.68,0.01,0.19,5.186,5.201,5.144,111229.57,133161.69,135248.9,0.49
2016-08-26,5.14,5.24,5.17,5.14,135152.44,0.02,0.39,5.19,5.203,5.136,119227.42,152858.41,139238.28,0.82
2016-08-25,5.16,5.18,5.15,5.1,127657.76,-0.06,-1.15,5.2,5.197,5.133,122679.31,149886.17,143862.94,0.78
2016-08-24,5.23,5.25,5.21,5.19,91140.92,-0.01,-0.19,5.218,5.186,5.131,129096.83,150913.27,150943.68,0.56
2016-08-23,5.2,5.23,5.22,5.18,122355.03,0.02,0.39,5.218,5.177,5.122,138660.87,155574.53,161883.06,0.75
2016-08-22,5.21,5.26,5.2,5.2,119830.96,-0.02,-0.38,5.216,5.166,5.125,155093.81,156239.88,163096.43,0.73
2016-08-19,5.24,5.26,5.22,5.18,152411.88,-0.02,-0.38,5.216,5.155,5.126,186489.4,159257.57,164779.41,0.93
2016-08-18,5.22,5.28,5.24,5.21,159745.34,0.03,0.58,5.194,5.136,5.124,177093.02,155165.26,165290.16,0.97
2016-08-17,5.22,5.23,5.21,5.19,138961.12,0.0,0.0,5.154,5.119,5.126,172729.71,150341.14,164372.2,0.85
2016-08-16,5.22,5.24,5.21,5.19,204519.77,0.01,0.19,5.136,5.103,5.131,172488.19,145817.53,161979.52,1.25
2016-08-15,5.1,5.22,5.2,5.1,276808.88,0.09,1.76,5.116,5.087,5.136,157385.94,137336.1,157958.27,1.69
2016-08-12,5.06,5.12,5.11,5.04,105429.99,0.07,1.39,5.094,5.069,5.141,132025.75,125618.15,153020.18,0.64
2016-08-11,5.11,5.13,5.04,5.03,137928.78,-0.08,-1.56,5.078,5.069,5.155,133237.51,137839.72,160955.22,0.84
2016-08-10,5.11,5.15,5.12,5.1,137753.52,0.01,0.2,5.084,5.076,5.172,127952.57,150974.09,163389.04,0.84
2016-08-09,5.08,5.12,5.11,5.08,129008.52,0.02,0.39,5.07,5.066,5.184,119146.87,168191.59,172455.93,0.79
2016-08-08,5.03,5.1,5.09,5.01,150007.92,0.06,1.19,5.058,5.084,5.196,117286.27,169952.98,176840.53,0.91
2016-08-05,5.06,5.07,5.03,5.02,111488.8,-0.04,-0.79,5.044,5.097,5.205,119210.56,170301.26,180171.32,0.68
2016-08-04,5.05,5.08,5.07,5.02,111504.11,0.02,0.4,5.06,5.112,5.217,142441.93,175415.06,181804.19,0.68
2016-08-03,5.04,5.06,5.05,5.01,93724.99,0.0,0.0,5.068,5.133,5.231,173995.6,178403.26,187254.27,0.57
2016-08-02,5.01,5.09,5.05,5.01,119705.53,0.03,0.6,5.062,5.158,5.244,217236.31,178141.51,190705.0,0.73
2016-08-01,5.05,5.1,5.02,4.96,159629.38,-0.09,-1.76,5.11,5.184,5.259,222619.69,178580.43,195077.63,0.97
2016-07-29,5.09,5.21,5.11,5.08,227645.66,0.0,0.0,5.15,5.213,5.275,221391.95,180422.21,204654.16,1.39
2016-07-28,5.02,5.21,5.11,5.0,269272.44,0.09,1.79,5.164,5.241,5.281,208388.19,184070.72,201957.61,1.64
2016-07-27,5.29,5.31,5.02,4.99,309928.56,-0.27,-5.1,5.198,5.267,5.285,182810.91,175803.99,196700.81,1.89
2016-07-26,5.22,5.31,5.29,5.21,146622.39,0.07,1.34,5.254,5.302,5.295,139046.71,176720.27,190366.24,0.89
2016-07-25,5.18,5.25,5.22,5.17,153490.69,0.04,0.77,5.258,5.307,5.292,134541.18,183728.09,191628.27,0.93
2016-07-22,5.28,5.3,5.18,5.18,162626.88,-0.1,-1.89,5.276,5.312,5.29,139452.46,190041.39,192194.92,0.99
2016-07-21,5.31,5.34,5.28,5.28,141386.03,-0.02,-0.38,5.318,5.322,5.288,159753.24,188193.32,197889.1,0.86
2016-07-20,5.3,5.33,5.3,5.28,91107.55,-0.01,-0.19,5.336,5.329,5.288,168797.08,196105.28,199178.8,0.55
2016-07-19,5.3,5.32,5.31,5.25,124094.76,0.0,0.0,5.35,5.33,5.29,214393.82,203268.5,204957.7,0.76
2016-07-18,5.39,5.4,5.31,5.29,178047.09,-0.08,-1.48,5.356,5.334,5.286,232914.99,211574.82,211566.29,1.08
2016-07-15,5.37,5.42,5.39,5.34,264130.78,0.02,0.37,5.348,5.336,5.287,240630.32,228886.12,213054.27,1.61
2016-07-14,5.38,5.4,5.37,5.33,186605.2,0.0,0.0,5.326,5.32,5.287,216633.4,219844.5,219141.77,1.14
2016-07-13,5.37,5.45,5.37,5.34,319091.28,0.03,0.56,5.322,5.302,5.287,223413.48,217597.63,233768.97,1.94
2016-07-12,5.27,5.36,5.34,5.21,216700.59,0.07,1.33,5.31,5.288,5.292,192143.17,204012.22,248404.18,1.32
2016-07-11,5.29,5.33,5.27,5.25,216623.75,-0.01,-0.19,5.312,5.276,5.283,190234.66,199528.46,252047.5,1.32
2016-07-08,5.34,5.36,5.28,5.27,144146.19,-0.07,-1.31,5.324,5.267,5.276,217141.93,194348.45,269492.65,0.88
2016-07-07,5.31,5.38,5.35,5.29,220505.59,0.04,0.75,5.314,5.254,5.276,223055.59,207584.88,289269.35,1.34
2016-07-06,5.34,5.35,5.31,5.27,162739.73,-0.04,-0.75,5.282,5.246,5.27,211781.78,202252.32,298474.95,0.99
2016-07-05,5.34,5.38,5.35,5.29,207158.03,0.02,0.38,5.266,5.25,5.258,215881.27,206646.9,299608.67,1.26
2016-07-04,5.19,5.39,5.33,5.17,351160.09,0.1,1.91,5.24,5.238,5.247,208822.27,211557.76,301424.73,2.14
2016-07-01,5.2,5.26,5.23,5.19,173714.52,0.04,0.77,5.21,5.238,5.236,171554.97,197222.41,295499.18,1.06
2016-06-30,5.26,5.26,5.19,5.17,164136.53,-0.04,-0.77,5.194,5.253,5.227,192114.17,218439.05,298644.91,1.0
2016-06-29,5.22,5.25,5.23,5.2,183237.16,0.01,0.19,5.21,5.271,5.22,192722.87,249940.31,306495.51,1.12
2016-06-28,5.16,5.22,5.22,5.14,171863.03,0.04,0.77,5.234,5.296,5.203,197412.54,292796.14,304409.56,1.05
2016-06-27,5.1,5.19,5.18,5.07,164823.59,0.08,1.57,5.236,5.29,5.188,214293.26,304566.53,307107.49,1.0
2016-06-24,5.27,5.31,5.15,5.06,276510.56,-0.12,-2.28,5.266,5.284,5.175,222889.85,344636.85,307079.61,1.68
2016-06-23,5.35,5.36,5.27,5.24,167180.0,-0.08,-1.5,5.312,5.298,5.161,244763.93,370953.82,304285.28,1.02
2016-06-22,5.21,5.36,5.35,5.2,206685.52,0.12,2.29,5.332,5.294,5.146,307157.76,394697.58,314409.75,1.26
2016-06-21,5.37,5.42,5.23,5.18,256266.61,-0.1,-1.88,5.358,5.266,5.126,388179.73,392570.44,319358.24,1.56
2016-06-20,5.35,5.4,5.33,5.27,207806.56,-0.05,-0.93,5.344,5.256,5.104,394839.81,391291.71,314047.35,1.27
2016-06-17,5.36,5.53,5.38,5.32,385880.94,0.01,0.19,5.302,5.233,5.074,466383.85,393775.95,310536.27,2.35
2016-06-16,5.45,5.54,5.37,5.35,479149.16,-0.11,-2.01,5.284,5.2,5.041,497143.72,378850.77,300397.43,2.92
2016-06-15,5.07,5.65,5.48,5.04,611795.38,0.32,6.2,5.256,5.169,5.015,482237.4,363050.71,283856.47,3.73
2016-06-14,5.09,5.23,5.16,5.01,289567.0,0.04,0.78,5.174,5.109,4.986,396961.14,316022.99,261751.92,1.76
2016-06-13,5.18,5.48,5.12,5.01,565526.75,-0.17,-3.21,5.168,5.086,4.969,387743.61,309648.45,255964.76,3.44
2016-06-08,5.23,5.37,5.29,5.18,539680.31,0.06,1.15,5.164,5.065,4.955,321168.05,269522.38,236499.67,3.29
2016-06-07,5.04,5.23,5.23,5.04,404617.56,0.16,3.16,5.116,5.024,4.932,260557.82,237616.74,216605.54,2.46
2016-06-06,5.14,5.14,5.07,5.04,185414.08,-0.06,-1.17,5.082,4.998,4.913,243864.01,234121.92,202894.78,1.13
2016-06-03,5.1,5.15,5.13,5.05,243479.33,0.03,0.59,5.044,4.986,4.902,235084.84,246146.05,204506.24,1.48
2016-06-02,5.07,5.12,5.1,5.02,232648.98,0.05,0.99,5.004,4.952,4.9,231553.29,236802.99,207260.57,1.42
2016-06-01,5.06,5.13,5.05,5.04,236629.16,-0.01,-0.2,4.966,4.915,4.909,217876.7,227296.59,205212.09,1.44
2016-05-31,4.88,5.07,5.06,4.87,321148.5,0.18,3.69,4.932,4.881,4.917,214675.65,221944.08,203910.34,1.96
2016-05-30,4.9,4.92,4.88,4.82,141518.23,-0.05,-1.01,4.914,4.861,4.927,224379.83,204662.24,203962.91,0.86
2016-05-27,4.9,5.0,4.93,4.88,225821.56,0.02,0.41,4.928,4.862,4.937,257207.25,207480.85,203219.18,1.38
2016-05-26,4.87,4.91,4.91,4.76,164266.06,0.03,0.61,4.9,4.852,4.948,242052.7,202281.07,202837.27,1.0
2016-05-25,4.98,4.99,4.88,4.85,220623.91,-0.09,-1.81,4.864,4.845,4.96,236716.49,203476.97,202490.73,1.34
2016-05-24,4.92,5.07,4.97,4.86,369669.38,0.02,0.4,4.83,4.84,4.976,229212.51,195594.35,202467.94,2.25
2016-05-23,4.8,4.97,4.95,4.75,305655.34,0.16,3.34,4.808,4.827,4.984,184944.64,171667.64,192134.87,1.86
2016-05-20,4.71,4.84,4.79,4.67,150048.8,0.06,1.27,4.796,4.817,4.992,157754.46,162866.44,187106.67,0.91
2016-05-19,4.72,4.8,4.73,4.7,137585.0,0.02,0.42,4.804,4.848,5.007,162509.45,177718.15,193723.25,0.84
2016-05-18,4.84,4.86,4.71,4.64,183104.03,-0.15,-3.09,4.826,4.902,5.029,170237.46,183127.6,215762.51,1.12
2016-05-17,4.9,4.92,4.86,4.84,148330.05,-0.03,-0.61,4.85,4.953,5.074,161976.19,185876.61,221784.54,0.9
2016-05-16,4.8,4.9,4.89,4.72,169704.41,0.06,1.24,4.846,4.992,5.113,158390.64,203263.58,239127.98,1.03
2016-05-13,4.81,4.95,4.83,4.79,173823.75,-0.01,-0.21,4.838,5.011,5.153,167978.41,198957.5,258540.77,1.06
2016-05-12,4.76,4.89,4.84,4.62,176225.05,0.01,0.21,4.892,5.044,5.193,192926.85,203393.47,265756.12,1.07
2016-05-11,4.88,4.93,4.83,4.82,141797.69,-0.01,-0.21,4.978,5.074,5.229,196017.73,201504.48,285405.81,0.86
2016-05-10,4.81,4.88,4.84,4.79,130402.28,-0.01,-0.21,5.056,5.112,5.263,209777.02,209341.54,293382.81,0.79
2016-05-09,5.07,5.08,4.85,4.76,217643.3,-0.25,-4.9,5.138,5.14,5.296,248136.52,212602.09,306353.97,1.33
2016-05-06,5.28,5.34,5.1,5.08,298565.94,-0.17,-3.23,5.184,5.167,5.325,229936.58,211346.91,320252.37,1.82
2016-05-05,5.25,5.28,5.27,5.21,191679.45,0.05,0.96,5.196,5.165,5.35,213860.09,209728.36,345155.27,1.17
2016-05-04,5.22,5.28,5.22,5.17,210594.14,-0.03,-0.57,5.17,5.155,5.365,206991.23,248397.42,364576.37,1.28
2016-05-03,5.09,5.28,5.25,5.05,322199.78,0.17,3.35,5.168,5.194,5.388,208906.05,257692.47,396052.36,1.96
2016-04-29,5.13,5.15,5.08,5.08,126643.59,-0.08,-1.55,5.142,5.233,5.401,177067.66,274992.39,403683.48,0.77
2016-04-28,5.15,5.21,5.16,5.02,218183.48,0.02,0.39,5.15,5.295,5.428,192757.23,318124.05,436883.97,1.33
2016-04-27,5.22,5.23,5.14,5.14,157335.17,-0.07,-1.34,5.134,5.342,5.458,205596.63,328118.78,477081.57,0.96
2016-04-26,5.13,5.22,5.21,5.11,220168.25,0.09,1.76,5.14,5.384,5.48,289803.61,369307.13,507598.76,1.34
2016-04-25,5.12,5.15,5.12,5.03,163007.81,0.0,0.0,5.22,5.413,5.512,306478.89,377424.09,556586.04,0.99
2016-04-22,5.09,5.12,5.12,5.05,205091.45,0.04,0.79,5.324,5.452,5.553,372917.11,400105.85,664994.12,1.25
2016-04-21,5.13,5.25,5.08,5.07,282380.47,-0.09,-1.74,5.44,5.482,5.593,443490.87,429157.83,699470.59,1.72
2016-04-20,5.63,5.65,5.17,5.05,578370.06,-0.44,-7.84,5.55,5.534,5.608,450640.92,480582.18,711904.43,3.52
2016-04-19,5.61,5.67,5.61,5.53,303544.66,-0.03,-0.53,5.628,5.574,5.594,448810.66,480755.32,697867.84,1.85
2016-04-18,5.66,5.75,5.64,5.47,495198.91,-0.06,-1.05,5.606,5.581,5.56,448369.28,534412.25,703442.48,3.02
2016-04-15,5.66,5.78,5.7,5.61,557960.25,0.07,1.24,5.58,5.569,5.521,427294.59,532374.57,697542.45,3.4
2016-04-14,5.6,5.63,5.63,5.55,318130.72,0.07,1.26,5.524,5.561,5.47,414824.79,555643.9,679738.33,1.94
2016-04-13,5.54,5.69,5.56,5.53,569218.75,0.06,1.09,5.518,5.573,5.415,510523.44,626044.36,670266.57,3.47
2016-04-12,5.5,5.55,5.5,5.42,301337.78,-0.01,-0.18,5.52,5.576,5.368,512699.98,645890.38,648539.36,1.84
2016-04-11,5.45,5.58,5.51,5.45,389825.47,0.09,1.66,5.556,5.611,5.325,620455.22,735747.99,641639.03,2.37
2016-04-08,5.52,5.52,5.42,5.31,495611.25,-0.18,-3.21,5.558,5.653,5.273,637454.54,929882.39,626356.66,3.02
2016-04-07,5.6,5.8,5.6,5.43,796623.94,0.03,0.54,5.598,5.703,5.225,696463.0,969783.35,607083.17,4.85
2016-04-06,5.65,5.71,5.57,5.52,580101.44,-0.11,-1.94,5.628,5.681,5.173,741565.27,943226.68,574763.88,3.53
2016-04-05,5.5,5.82,5.68,5.49,840114.0,0.16,2.9,5.632,5.613,5.13,779080.79,914980.36,556083.14,5.12
2016-04-01,5.61,5.61,5.52,5.4,474822.06,-0.1,-1.78,5.666,5.539,5.082,851040.76,872472.72,524237.11,2.89
2016-03-31,5.69,5.77,5.62,5.6,790653.56,-0.13,-2.26,5.748,5.472,5.037,1222310.25,862710.33,516349.72,4.81
2016-03-30,5.65,5.82,5.75,5.53,1022135.31,0.16,2.86,5.808,5.378,4.988,1243103.7,803832.76,487436.85,6.22
2016-03-29,5.73,5.82,5.59,5.51,767679.0,-0.26,-4.44,5.734,5.257,4.931,1144888.08,714488.79,448442.94,4.67
2016-03-28,5.85,6.08,5.85,5.76,1199913.88,-0.08,-1.35,5.594,5.159,4.871,1050879.94,651188.33,419509.64,7.31
2016-03-25,6.2,6.51,5.93,5.92,2331169.5,0.01,0.17,5.412,5.038,4.794,893904.67,547530.06,369677.75,14.2
2016-03-24,5.92,5.92,5.92,5.7,894620.81,0.54,10.04,5.196,4.893,4.725,503110.41,322830.92,262506.99,5.45
2016-03-23,4.87,5.38,5.38,4.86,531057.19,0.49,10.02,4.948,4.747,4.654,364561.81,244382.99,238650.98,3.23
2016-03-22,4.9,4.97,4.89,4.88,297638.31,-0.05,-1.01,4.78,4.665,4.633,284089.5,206301.09,231477.62,1.81
2016-03-21,4.87,4.98,4.94,4.84,415037.53,0.09,1.86,4.724,4.647,4.624,251496.73,197185.91,227304.54,2.53
2016-03-18,4.68,4.95,4.85,4.68,377198.19,0.17,3.63,4.664,4.624,4.618,201155.46,176001.5,221824.83,2.3
2016-03-17,4.55,4.68,4.68,4.54,201877.84,0.14,3.08,4.59,4.602,4.607,142551.43,169989.12,210018.52,1.23
2016-03-16,4.63,4.64,4.54,4.52,128695.65,-0.07,-1.52,4.546,4.597,4.605,124204.16,171040.94,209891.13,0.78
2016-03-15,4.63,4.68,4.61,4.57,134674.44,-0.03,-0.65,4.55,4.604,4.61,128512.67,182397.08,212639.4,0.82
2016-03-14,4.52,4.68,4.64,4.52,163331.16,0.16,3.57,4.57,4.583,4.609,142875.1,187830.95,214787.78,0.99
2016-03-11,4.45,4.5,4.48,4.39,84178.08,0.02,0.45,4.584,4.549,4.599,150847.55,191825.45,211960.44,0.51
2016-03-10,4.55,4.61,4.46,4.43,110141.46,-0.1,-2.19,4.614,4.557,4.598,197426.8,202183.05,214046.04,0.67
2016-03-09,4.61,4.64,4.56,4.52,150238.2,-0.15,-3.19,4.648,4.561,4.601,217877.73,232918.98,216703.78,0.91
2016-03-08,4.69,4.71,4.71,4.49,206486.58,0.0,0.0,4.658,4.6,4.594,236281.5,256654.14,214129.32,1.26
2016-03-07,4.65,4.76,4.71,4.65,203193.44,0.08,1.73,4.596,4.601,4.58,232786.81,257423.16,210290.97,1.24
2016-03-04,4.61,4.78,4.63,4.53,317074.31,0.0,0.0,4.514,4.611,4.559,232803.34,267648.16,207255.93,1.93
2016-03-03,4.59,4.69,4.63,4.57,212396.12,0.02,0.43,4.5,4.611,4.547,206939.3,250047.93,199216.57,1.29
2016-03-02,4.4,4.64,4.61,4.38,242257.03,0.21,4.77,4.474,4.613,4.529,247960.22,248741.32,194880.46,1.48
2016-03-01,4.33,4.43,4.4,4.23,189013.16,0.1,2.33,4.542,4.616,4.52,277026.79,242881.72,192539.25,1.15
2016-02-29,4.54,4.57,4.3,4.2,203276.08,-0.26,-5.7,4.606,4.635,4.525,282059.51,241744.6,194045.05,1.24
2016-02-26,4.58,4.61,4.56,4.45,187754.12,0.06,1.33,4.708,4.648,4.56,302492.97,232095.44,189773.44,1.14
2016-02-25,5.0,5.01,4.5,4.46,417500.72,-0.45,-9.09,4.722,4.638,4.578,293156.56,225909.03,187444.51,2.54
2016-02-24,4.69,4.96,4.95,4.68,387589.88,0.23,4.87,4.752,4.641,4.596,249522.42,200488.58,176190.21,2.36
2016-02-23,4.81,4.81,4.72,4.68,214176.73,-0.09,-1.87,4.69,4.588,4.601,208736.66,171604.5,165201.75,1.3
2016-02-22,4.68,4.92,4.81,4.65,305443.41,0.18,3.89,4.664,4.558,4.618,201429.69,163158.78,162871.7,1.86
2016-02-19,4.64,4.67,4.63,4.61,141072.05,-0.02,-0.43,4.588,4.506,4.623,161697.9,146863.71,153903.03,0.86
2016-02-18,4.66,4.7,4.65,4.6,199330.05,0.01,0.22,4.554,4.482,4.635,158661.51,148385.22,157164.85,1.21
2016-02-17,4.59,4.64,4.64,4.54,183661.05,0.05,1.09,4.53,4.444,4.659,151454.73,141019.59,158357.13,1.12
2016-02-16,4.45,4.62,4.59,4.44,177641.88,0.16,3.61,4.486,4.423,4.677,134472.33,142196.77,158392.46,1.08
2016-02-15,4.31,4.45,4.43,4.26,106784.47,-0.03,-0.67,4.452,4.415,4.704,124887.87,146345.51,162616.79,0.65
2016-02-05,4.53,4.57,4.46,4.46,125890.08,-0.07,-1.54,4.424,4.471,4.733,132029.51,147451.44,171527.96,0.77
2016-02-04,4.43,4.55,4.53,4.42,163296.19,0.11,2.49,4.41,4.517,4.778,138108.93,148979.99,181148.58,0.99
2016-02-03,4.37,4.43,4.42,4.34,98749.05,0.0,0.0,4.358,4.551,4.813,130584.44,151891.83,177057.12,0.6
2016-02-02,4.3,4.43,4.42,4.29,129719.56,0.13,3.03,4.36,4.613,4.882,149921.21,158799.0,187274.36,0.79
2016-02-01,4.39,4.45,4.29,4.15,142492.69,-0.1,-2.28,4.378,4.678,4.942,167803.15,162584.61,200198.11,0.87
2016-01-29,4.18,4.48,4.39,4.18,156287.17,0.12,2.81,4.518,4.74,5.015,162873.37,160942.36,210782.72,0.95
2016-01-28,4.43,4.48,4.27,4.26,125673.75,-0.16,-3.61,4.624,4.787,5.116,159851.05,165944.47,226409.27,0.77
2016-01-27,4.55,4.59,4.43,4.2,195432.88,-0.08,-1.77,4.744,4.873,5.233,173199.22,175694.67,260356.94,1.19
2016-01-26,4.97,5.0,4.51,4.49,219129.25,-0.48,-9.62,4.866,4.931,5.329,167676.78,174588.15,263068.77,1.33
2016-01-25,4.98,5.07,4.99,4.95,117843.81,0.07,1.42,4.978,4.993,5.415,157366.07,178888.08,273291.74,0.72
2016-01-22,4.94,4.99,4.92,4.8,141175.56,0.05,1.03,4.962,4.995,5.484,159011.34,195604.48,279736.68,0.86
2016-01-21,4.92,5.11,4.87,4.86,192414.59,-0.17,-3.37,4.95,5.038,5.551,172037.9,213317.17,282942.8,1.17
2016-01-20,5.03,5.12,5.04,4.98,167820.69,-0.03,-0.59,5.002,5.074,5.623,178190.12,202222.41,285601.58,1.02
2016-01-19,4.9,5.09,5.07,4.89,167575.72,0.16,3.26,4.996,5.15,5.692,181499.53,215749.73,289385.89,1.02
2016-01-18,4.81,4.98,4.91,4.77,126070.13,0.05,1.03,5.008,5.205,5.757,200410.08,237811.6,291767.03,0.77
2016-01-15,5.08,5.14,4.86,4.82,206308.36,-0.27,-5.26,5.028,5.29,5.828,232197.62,260623.08,298370.94,1.26
2016-01-14,4.97,5.16,5.13,4.81,223175.7,0.12,2.4,5.126,5.444,5.904,254596.45,286874.07,311632.92,1.36
2016-01-13,5.15,5.23,5.01,5.0,184367.72,-0.12,-2.34,5.146,5.593,5.953,226254.71,345019.21,309359.7,1.12
2016-01-12,5.08,5.19,5.13,4.96,262128.5,0.12,2.4,5.304,5.726,6.012,249999.92,351549.4,312490.13,1.6
2016-01-11,5.2,5.34,5.01,5.0,285007.84,-0.34,-6.36,5.402,5.837,6.06,275213.12,367695.41,308480.45,1.74
2016-01-08,5.41,5.45,5.35,5.03,318302.47,0.12,2.29,5.552,5.972,6.107,289048.54,363868.87,303471.75,1.94
2016-01-07,5.7,5.72,5.23,5.22,81467.0,-0.57,-9.83,5.762,6.064,6.14,319151.7,352568.43,297126.66,0.5
2016-01-06,5.64,5.83,5.8,5.61,303093.81,0.18,3.2,6.04,6.172,6.183,463783.71,368980.76,303709.27,1.85
2016-01-05,5.55,5.83,5.62,5.4,388194.5,-0.14,-2.43,6.148,6.234,6.195,453098.87,363022.06,300865.88,2.36
2016-01-04,6.35,6.4,5.76,5.76,354184.94,-0.64,-10.0,6.272,6.309,6.228,460177.69,345722.46,293664.1,2.16
2015-12-31,6.64,6.67,6.4,6.38,468818.25,-0.22,-3.32,6.392,6.365,6.249,438689.2,336118.79,292836.54,2.86
2015-12-30,6.38,6.97,6.62,6.35,804627.06,0.28,4.42,6.366,6.364,6.246,385985.16,336391.76,285024.47,4.9
2015-12-29,6.25,6.35,6.34,6.21,249669.58,0.1,1.6,6.304,6.313,6.226,274177.8,273700.2,260786.11,1.52
2015-12-28,6.37,6.54,6.24,6.23,423588.62,-0.12,-1.89,6.32,6.297,6.216,272945.24,273430.86,265433.77,2.58
2015-12-25,6.26,6.4,6.36,6.25,246742.47,0.09,1.44,6.346,6.283,6.209,231267.22,249265.5,269629.58,1.5
2015-12-24,6.32,6.35,6.27,6.2,205298.06,-0.04,-0.63,6.338,6.242,6.206,233548.38,243074.64,296074.68,1.25
2015-12-23,6.39,6.47,6.31,6.3,245590.27,-0.11,-1.71,6.362,6.215,6.242,286798.36,241684.9,327050.84,1.5
2015-12-22,6.39,6.43,6.42,6.3,243506.8,0.05,0.79,6.322,6.193,6.267,273222.59,238437.79,335211.64,1.48
2015-12-21,6.3,6.4,6.37,6.26,215198.52,0.05,0.79,6.274,6.156,6.284,273916.47,238709.7,340185.36,1.31
2015-12-18,6.34,6.38,6.32,6.26,258148.25,-0.07,-1.09,6.22,6.146,6.3,267263.78,241605.73,351988.9,1.57
2015-12-17,6.14,6.43,6.39,6.14,471547.97,0.28,4.58,6.146,6.132,6.324,252600.9,249554.28,376152.72,2.87
2015-12-16,6.18,6.23,6.11,6.1,177711.41,-0.07,-1.13,6.068,6.127,6.351,196571.44,233657.19,376780.17,1.08
2015-12-15,6.1,6.25,6.18,6.08,246976.22,0.08,1.31,6.064,6.138,6.381,203652.99,247872.02,401868.57,1.5
2015-12-14,5.95,6.12,6.1,5.9,181935.05,0.15,2.52,6.038,6.135,6.421,203502.93,257436.68,448012.96,1.11
2015-12-11,5.97,5.99,5.95,5.87,184833.84,-0.05,-0.83,6.072,6.135,6.476,215947.69,289993.66,498541.9,1.13
2015-12-10,6.1,6.13,6.0,5.98,191400.66,-0.09,-1.48,6.118,6.169,6.547,246507.67,349074.73,565765.74,1.17
2015-12-09,6.01,6.16,6.09,6.01,213119.16,0.04,0.66,6.186,6.268,6.582,270742.94,412416.79,600330.02,1.3
2015-12-08,6.22,6.25,6.05,6.03,246225.95,-0.22,-3.51,6.212,6.341,6.605,292091.05,431985.5,610166.18,1.5
2015-12-07,6.23,6.32,6.27,6.18,244158.83,0.09,1.46,6.232,6.411,6.629,311370.42,441661.01,619822.27,1.49
2015-12-04,6.29,6.32,6.18,6.09,337633.75,-0.16,-2.52,6.198,6.453,6.637,364039.63,462372.06,636022.16,2.06
2015-12-03,6.24,6.4,6.34,6.19,312577.0,0.12,1.93,6.22,6.516,6.65,451641.78,502751.15,638130.59,1.9
2015-12-02,6.15,6.26,6.22,6.03,319859.72,0.07,1.14,6.35,6.574,6.649,554090.63,519903.16,645137.54,1.95
2015-12-01,6.11,6.19,6.15,5.99,342622.81,0.05,0.82,6.47,6.624,6.653,571879.95,555865.12,645830.58,2.09
2015-11-30,6.28,6.34,6.1,5.83,507504.88,-0.19,-3.02,6.59,6.706,6.647,571951.59,638589.25,636870.81,3.09
2015-11-27,6.93,6.95,6.29,6.29,775644.5,-0.7,-10.01,6.708,6.817,6.644,560704.49,707090.15,623970.53,4.72
2015-11-26,6.85,7.12,6.99,6.78,824821.25,0.17,2.49,6.812,6.925,6.641,553860.52,782456.76,600636.69,5.02
2015-11-25,6.75,6.87,6.82,6.71,408806.31,0.07,1.04,6.798,6.896,6.611,485715.68,788243.26,578879.84,2.49
2015-11-24,6.7,6.77,6.75,6.62,342981.03,0.06,0.9,6.778,6.869,6.587,539850.28,788346.86,582872.01,2.09
2015-11-23,6.81,6.86,6.69,6.66,451269.34,-0.12,-1.76,6.822,6.847,6.58,705226.9,797983.54,599542.81,2.75
2015-11-20,6.85,6.9,6.81,6.72,741424.69,-0.11,-1.59,6.926,6.821,6.569,853475.81,809672.26,621584.83,4.52
2015-11-19,6.73,6.92,6.92,6.67,484097.03,0.2,2.98,7.038,6.783,6.561,1011052.99,773510.02,617496.4,2.95
2015-11-18,7.02,7.05,6.72,6.7,679479.31,-0.25,-3.59,6.994,6.724,6.532,1090770.84,770371.92,615681.47,4.14
2015-11-17,7.23,7.3,6.97,6.91,1169864.12,-0.24,-3.33,6.96,6.682,6.493,1036843.44,735796.05,609414.57,7.12
2015-11-16,7.3,7.35,7.21,7.07,1192513.88,-0.16,-2.17,6.872,6.588,6.463,890740.18,635152.37,575641.38,7.26
2015-11-13,6.7,7.37,7.37,6.65,1529310.62,0.67,10.0,6.716,6.47,6.423,765868.7,540850.91,550497.54,9.31
2015-11-12,6.54,6.98,6.7,6.54,882686.25,0.15,2.29,6.528,6.357,6.363,535967.04,418816.63,497241.48,5.38
2015-11-11,6.58,6.65,6.55,6.48,409842.34,0.02,0.31,6.454,6.326,6.334,449973.0,369516.41,470918.25,2.5
2015-11-10,6.42,6.56,6.53,6.39,439347.81,0.1,1.55,6.404,6.305,6.303,434748.65,377397.17,467538.93,2.68
2015-11-09,6.45,6.55,6.43,6.35,568156.5,0.0,0.0,6.304,6.312,6.283,379564.56,401102.09,467315.18,3.46
2015-11-06,6.34,6.46,6.43,6.34,379802.31,0.1,1.58,6.224,6.317,6.27,315833.11,433497.41,471682.2,2.31
2015-11-05,6.35,6.44,6.33,6.24,452716.03,0.03,0.48,6.186,6.339,6.245,301666.21,461482.79,471815.36,2.76
2015-11-04,6.06,6.33,6.3,6.06,333720.62,0.27,4.48,6.198,6.339,6.224,289059.83,460991.02,476298.56,2.03
2015-11-03,6.02,6.12,6.03,5.99,163427.36,0.0,0.0,6.206,6.303,6.213,320045.68,483033.09,460001.3,1.0
2015-11-02,6.11,6.2,6.03,6.03,249499.23,-0.21,-3.37,6.32,6.338,6.2,422639.61,516130.4,489066.79,1.52
2015-10-30,6.35,6.35,6.24,6.15,308967.81,-0.15,-2.35,6.41,6.375,6.201,551161.71,560144.17,526219.95,1.88
2015-10-29,6.36,6.59,6.39,6.31,389684.12,0.05,0.79,6.492,6.369,6.179,621299.37,575666.33,544244.2,2.37
2015-10-28,6.54,6.65,6.34,6.25,488649.88,-0.26,-3.94,6.48,6.341,6.123,632922.21,572320.09,538198.64,2.98
2015-10-27,6.42,6.65,6.6,6.33,676397.0,0.12,1.85,6.4,6.3,6.079,646020.49,557680.69,527867.05,4.12
2015-10-26,6.56,6.75,6.48,6.31,892109.75,-0.17,-2.56,6.356,6.253,6.011,609621.19,533528.27,503896.24,5.43
2015-10-23,6.38,6.76,6.65,6.28,659656.12,0.32,5.05,6.34,6.223,5.954,569126.64,509866.98,471837.82,4.02
2015-10-22,5.91,6.33,6.33,5.91,447798.28,0.39,6.57,6.246,6.15,5.888,530033.29,482147.93,448701.44,2.73
2015-10-21,6.36,6.44,5.94,5.79,554141.31,-0.44,-6.9,6.202,6.109,5.829,511717.96,491606.11,435166.82,3.37
2015-10-20,6.39,6.52,6.38,6.24,494400.47,-0.02,-0.31,6.2,6.123,5.789,469340.88,436969.51,424487.95,3.01
2015-10-19,6.22,6.56,6.4,6.11,689637.0,0.22,3.56,6.15,6.061,5.735,457435.35,462003.19,415088.38,4.2
2015-10-16,6.15,6.19,6.18,6.04,464189.38,0.07,1.15,6.106,6.027,5.66,450607.32,492295.72,395821.21,2.83
2015-10-15,5.94,6.14,6.11,5.94,356221.66,0.18,3.04,6.054,5.989,5.617,434262.56,512822.07,388473.98,2.17
2015-10-14,6.11,6.12,5.93,5.91,342255.88,-0.2,-3.26,6.016,5.905,5.606,471494.26,504077.2,379848.51,2.08
2015-10-13,6.09,6.19,6.13,5.99,434872.81,-0.05,-0.81,6.046,5.858,5.606,404598.15,498053.41,376845.58,2.65
2015-10-12,5.96,6.22,6.18,5.91,655496.88,0.26,4.39,5.972,5.768,5.607,466571.04,474264.22,377325.29,3.99
2015-10-09,5.91,5.96,5.92,5.77,382465.59,0.0,0.0,5.948,5.684,5.595,533984.12,433808.66,358605.29,2.33
2015-10-08,5.93,6.0,5.92,5.78,542380.12,0.16,2.78,5.924,5.626,5.587,591381.58,415254.96,357951.58,3.3
2015-10-07,6.06,6.15,6.08,6.03,7775.35,0.32,5.56,5.794,5.549,5.583,536660.15,378727.52,353824.53,0.05
2015-09-30,6.01,6.15,5.76,5.68,744737.25,-0.3,-4.95,5.67,5.454,5.562,591508.66,412006.39,371166.99,4.54
2015-09-29,5.82,6.18,6.06,5.77,992562.31,0.26,4.48,5.564,5.409,5.587,481957.4,368173.57,353006.87,6.04
2015-09-28,5.3,5.8,5.8,5.3,669452.88,0.53,10.06,5.42,5.293,5.618,333633.2,299346.69,328525.84,4.08
2015-09-25,5.46,5.6,5.27,5.22,268772.94,-0.19,-3.48,5.328,5.244,5.639,239128.34,264125.89,315738.48,1.64
2015-09-24,5.24,5.48,5.46,5.22,282017.94,0.23,4.4,5.304,5.307,5.669,220794.9,255619.82,328221.45,1.72
2015-09-23,5.18,5.43,5.23,5.18,196980.95,-0.11,-2.06,5.238,5.353,5.69,232504.11,255637.75,342787.89,1.2
2015-09-22,5.39,5.46,5.34,5.26,250941.28,0.0,0.0,5.254,5.445,5.755,254389.74,280386.37,351259.41,1.53
2015-09-21,5.08,5.34,5.34,5.01,196928.59,0.19,3.69,5.166,5.506,5.851,265060.18,283401.92,370790.33,1.2
2015-09-18,5.15,5.22,5.15,5.07,177105.72,0.02,0.39,5.16,5.548,5.987,289123.43,300648.2,403999.04,1.08
2015-09-17,5.29,5.46,5.13,5.13,340564.03,-0.18,-3.39,5.31,5.617,6.15,290444.75,328921.55,440014.14,2.07
2015-09-16,4.95,5.39,5.31,4.9,306409.09,0.41,8.37,5.468,5.67,6.288,278771.38,330327.6,491173.0,1.87
2015-09-15,5.2,5.29,4.9,4.8,304293.47,-0.41,-7.72,5.636,5.765,6.462,306382.99,337840.17,522296.55,1.85
2015-09-14,5.96,5.98,5.31,5.31,317244.84,-0.59,-10.0,5.846,5.942,6.616,301743.66,357705.0,552617.97,1.93
2015-09-11,5.9,6.01,5.9,5.82,183712.3,-0.02,-0.34,5.936,6.033,6.744,312172.98,367351.07,575315.11,1.12
2015-09-10,6.06,6.13,5.92,5.88,282197.22,-0.23,-3.74,5.924,6.031,6.819,367398.35,400823.07,600908.18,1.72
2015-09-09,5.98,6.17,6.15,5.93,444467.12,0.2,3.36,5.872,6.027,6.908,381883.81,429938.04,631960.57,2.71
2015-09-08,5.71,5.98,5.95,5.5,281096.81,0.19,3.3,5.894,6.065,6.984,369297.34,422132.44,649402.75,1.71
2015-09-07,5.81,6.2,5.76,5.68,369391.44,-0.08,-1.37,6.038,6.196,7.056,413666.33,458178.74,673755.81,2.25
2015-09-02,5.37,5.95,5.84,5.17,459839.16,0.18,3.18,6.13,6.426,7.136,422529.16,507349.88,702326.96,2.8
2015-09-01,6.22,6.24,5.66,5.64,354624.5,-0.6,-9.59,6.138,6.682,7.206,434247.79,551106.74,725379.7,2.16
2015-08-31,6.52,6.61,6.26,6.21,381534.81,-0.41,-6.15,6.182,6.906,7.27,477992.27,652018.4,727775.87,2.32
2015-08-28,6.28,6.76,6.67,6.27,502941.75,0.45,7.24,6.236,7.158,7.292,474967.54,706752.93,729860.57,3.06
2015-08-27,6.1,6.23,6.22,5.73,413705.56,0.34,5.78,6.354,7.289,7.278,502691.14,747530.94,719000.21,2.52
2015-08-26,5.98,6.28,5.88,5.64,518432.34,0.0,0.0,6.722,7.455,7.284,592170.61,783279.16,719107.29,3.16
2015-08-25,5.88,6.16,5.88,5.88,573346.88,-0.65,-9.95,7.226,7.606,7.328,667965.69,800993.29,714926.21,3.49
2015-08-24,6.8,6.95,6.53,6.53,366411.19,-0.73,-10.05,7.63,7.789,7.356,826044.54,833983.11,713395.97,2.23
2015-08-21,7.81,7.95,7.26,7.25,641559.75,-0.8,-9.93,8.08,7.902,7.351,938538.32,876673.05,721871.22,3.91
2015-08-20,8.39,8.72,8.06,8.01,861102.88,-0.34,-4.05,8.224,7.916,7.346,992370.74,889332.88,722983.5,5.24
2015-08-19,7.45,8.56,8.4,7.13,897407.75,0.5,6.33,8.188,7.846,7.314,974387.71,897304.04,710387.75,5.47
2015-08-18,8.98,9.32,7.9,7.9,1363741.12,-0.88,-10.02,7.986,7.729,7.256,934020.9,899652.65,688791.01,8.3
2015-08-17,8.08,8.78,8.78,8.08,928880.12,0.8,10.03,7.948,7.634,7.221,841921.67,803533.34,640196.48,5.66
2015-08-14,7.93,8.19,7.98,7.78,910721.81,0.1,1.27,7.724,7.426,7.14,814807.77,752968.2,626430.04,5.55
2015-08-13,7.39,7.99,7.88,7.33,771187.75,0.49,6.63,7.608,7.266,7.105,786295.02,690469.49,606856.63,4.7
2015-08-12,7.67,7.8,7.39,7.3,695573.69,-0.32,-4.15,7.504,7.113,7.052,820220.36,654935.42,596681.07,4.24
2015-08-11,7.58,8.06,7.71,7.49,903245.0,0.05,0.65,7.472,7.05,7.007,865284.4,628859.13,594516.31,5.5
2015-08-10,7.41,7.75,7.66,7.25,793310.62,0.26,3.51,7.32,6.922,6.981,765145.01,592808.83,598495.29,4.83
2015-08-07,7.36,7.49,7.4,7.18,768158.06,0.04,0.54,7.128,6.8,6.97,691128.63,567069.39,606344.05,4.68
2015-08-06,7.03,7.64,7.36,7.0,940814.44,0.13,1.8,6.924,6.775,6.937,594643.95,556634.13,584844.23,5.73
2015-08-05,6.85,7.43,7.23,6.72,920893.88,0.28,4.03,6.722,6.782,6.876,489650.48,523471.46,566109.35,5.61
2015-08-04,6.64,6.97,6.95,6.64,402548.03,0.25,3.73,6.628,6.783,6.794,392433.86,477929.36,635296.69,2.45
2015-08-03,6.3,6.75,6.7,6.19,423228.75,0.32,5.02,6.524,6.807,6.725,420472.66,476859.61,641053.02,2.58
2015-07-31,6.24,6.45,6.38,6.22,285734.66,0.03,0.47,6.472,6.854,6.699,443010.14,499891.88,668010.74,1.74
2015-07-30,6.65,6.84,6.35,6.25,415847.09,-0.41,-6.07,6.626,6.944,6.691,518624.3,523243.77,687363.68,2.53
2015-07-29,6.55,6.77,6.76,6.23,434810.78,0.33,5.13,6.842,6.991,6.719,557292.43,538426.71,700176.42,2.65
2015-07-28,6.25,6.57,6.43,5.9,542742.0,-0.01,-0.15,6.938,6.963,6.765,563424.86,560173.49,710657.45,3.31
2015-07-27,6.96,7.14,6.44,6.44,535916.19,-0.71,-9.93,7.09,7.04,6.863,533246.57,604181.75,718498.83,3.26
2015-07-24,7.36,7.57,7.15,7.02,663805.44,-0.28,-3.77,7.236,7.139,6.933,556773.62,645618.7,727085.59,4.04
2015-07-23,7.28,7.45,7.43,7.16,609187.75,0.19,2.62,7.262,7.099,7.009,527863.24,613054.33,721991.55,3.71
2015-07-22,7.17,7.29,7.24,6.96,465472.94,0.05,0.69,7.14,6.97,7.119,519560.99,608747.24,721588.74,2.83
2015-07-21,7.16,7.31,7.19,7.02,391850.53,0.02,0.28,6.988,6.804,7.258,556922.12,792664.02,728693.08,2.39
2015-07-20,7.2,7.48,7.17,7.01,653551.44,-0.11,-1.51,6.99,6.642,7.387,675116.94,805246.44,737160.15,3.98
2015-07-17,6.86,7.4,7.28,6.82,519253.56,0.46,6.75,7.042,6.544,7.516,734463.79,836129.6,738674.52,3.16
2015-07-16,6.48,7.0,6.82,6.2,567676.5,0.34,5.25,6.936,6.438,7.694,698245.41,851483.58,753427.49,3.46
2015-07-15,7.01,7.09,6.48,6.48,652278.56,-0.72,-10.0,6.8,6.447,7.89,697933.49,861926.12,759566.07,3.97
2015-07-14,7.43,7.77,7.2,7.1,982824.62,-0.23,-3.1,6.62,6.567,8.086,1028405.93,861141.41,766056.27,5.99
2015-07-13,7.16,7.43,7.43,6.89,950285.69,0.68,10.07,6.294,6.686,8.274,935375.93,832815.91,763855.32,5.79
2015-07-10,6.5,6.75,6.75,6.3,338161.69,0.61,9.94,6.046,6.727,8.431,937795.41,808552.47,761733.45,2.06
2015-07-09,5.32,6.14,6.14,5.32,566116.88,0.56,10.04,5.94,6.919,8.603,1004721.75,830928.77,774612.11,3.45
2015-07-08,5.01,6.13,5.58,5.01,2304640.75,0.01,0.18,6.094,7.268,8.805,1025918.75,834430.23,786639.48,14.03
2015-07-07,5.81,5.95,5.57,5.57,517674.66,-0.62,-10.02,6.514,7.712,9.019,693876.9,664722.14,699398.49,3.15
2015-07-06,6.84,6.84,6.19,5.6,962383.06,-0.03,-0.48,7.078,8.131,9.239,730255.88,669073.86,706753.02,5.86
2015-07-03,6.5,6.98,6.22,6.22,672793.38,-0.69,-9.99,7.408,8.488,9.439,679309.54,641219.44,707040.26,4.1
2015-07-02,7.7,7.84,6.91,6.91,672101.88,-0.77,-10.03,7.898,8.95,9.635,657135.8,655371.4,713243.73,4.09
2015-07-01,8.3,8.57,7.68,7.58,644431.5,-0.71,-8.46,8.442,9.333,9.773,642941.71,657206.02,714453.59,3.92
2015-06-30,7.73,8.47,8.39,7.09,699569.56,0.55,7.01,8.91,9.605,9.864,635567.38,670971.12,715915.74,4.26
2015-06-29,8.88,9.02,7.84,7.8,707651.38,-0.83,-9.57,9.184,9.862,9.895,607891.84,694894.73,708436.89,4.31
2015-06-26,9.23,9.3,8.67,8.67,561924.69,-0.96,-9.97,9.568,10.135,9.922,603129.34,714914.43,702426.25,3.42
2015-06-25,10.03,10.17,9.63,9.31,601131.44,-0.39,-3.89,10.002,10.286,9.902,653606.99,718295.45,712045.6,3.66
2015-06-24,9.86,10.13,10.02,9.56,607559.81,0.26,2.66,10.224,10.341,9.875,671470.33,738848.72,713459.38,3.7
2015-06-23,9.65,9.89,9.76,8.78,561191.88,0.0,0.0,10.3,10.326,9.833,706374.86,734074.85,717767.92,3.42
2015-06-19,10.51,10.72,9.76,9.76,683838.88,-1.08,-9.96,10.54,10.347,9.794,781897.63,744432.19,725194.63,4.16
2015-06-18,10.76,11.38,10.84,10.5,814312.94,0.1,0.93,10.702,10.389,9.738,826699.53,772861.08,725159.73,4.96
2015-06-17,10.29,10.76,10.74,9.9,690448.12,0.34,3.27,10.57,10.319,9.619,782983.91,771116.07,716548.41,4.2
2015-06-16,10.87,11.15,10.4,10.2,782082.5,-0.56,-5.11,10.458,10.213,9.485,806227.11,771701.16,711162.91,4.76
2015-06-15,10.53,11.47,10.96,10.45,938805.69,0.39,3.69,10.352,10.122,9.374,761774.84,760860.36,702597.0,5.72
2015-06-12,10.22,10.73,10.57,10.15,907848.38,0.39,3.83,10.154,9.927,9.212,706966.75,721979.05,670281.33,5.53
2015-06-11,10.08,10.2,10.18,9.92,595734.88,0.0,0.0,10.076,9.708,9.069,719022.64,689938.06,641859.29,3.63
2015-06-10,9.75,10.39,10.18,9.51,806664.12,0.31,3.14,10.068,9.518,8.957,759248.22,705795.74,628281.37,4.91
2015-06-09,10.0,10.0,9.87,9.68,559821.12,-0.1,-1.0,9.968,9.408,8.847,737175.21,688070.05,614734.1,3.41
2015-06-08,10.15,10.15,9.97,9.83,664765.25,-0.21,-2.06,9.892,9.34,8.745,759945.89,701460.99,609695.62,4.05
2015-06-05,10.14,10.37,10.18,9.86,968127.81,0.04,0.39,9.7,9.241,8.635,736991.35,705957.08,598414.63,5.9
2015-06-04,9.72,10.17,10.14,8.71,796862.81,0.46,4.75,9.34,9.086,8.498,660853.49,677458.39,568350.08,4.85
2015-06-03,9.59,9.96,9.68,9.4,696299.06,0.19,2.0,8.968,8.918,8.352,652343.26,661980.76,550391.07,4.24
2015-06-02,9.13,9.54,9.49,9.03,673674.5,0.48,5.33,8.848,8.757,8.252,638964.89,650624.66,541861.97,4.1
2015-06-01,8.48,9.11,9.01,8.4,549992.56,0.63,7.52,8.788,8.625,8.185,642976.09,644333.63,538505.53,3.35
2015-05-29,8.28,8.48,8.38,7.99,587438.5,0.1,1.21,8.782,8.497,8.154,674922.81,618583.62,546881.17,3.58
2015-05-28,9.1,9.33,8.28,8.19,754311.69,-0.8,-8.81,8.832,8.429,8.135,694063.29,593780.53,536746.97,4.59
2015-05-27,9.25,9.3,9.08,8.94,629407.19,-0.11,-1.2,8.868,8.395,8.129,671618.25,550767.0,520706.05,3.83
2015-05-26,9.04,9.4,9.19,8.82,693730.5,0.21,2.34,8.666,8.286,8.076,662284.44,541398.16,521227.39,4.22
2015-05-25,8.62,9.05,8.98,8.55,709726.19,0.35,4.06,8.462,8.15,8.031,645691.18,517930.25,524463.87,4.32
2015-05-22,8.57,8.65,8.63,8.27,683140.88,0.17,2.01,8.212,8.028,7.989,562244.42,490872.18,519439.56,4.16
2015-05-21,8.13,8.5,8.46,8.07,642086.5,0.39,4.83,8.026,7.91,7.972,493497.76,459241.78,529715.64,3.91
2015-05-20,8.16,8.3,8.07,8.03,582738.12,-0.1,-1.22,7.922,7.785,7.954,429915.74,438801.38,533608.78,3.55
2015-05-19,7.76,8.17,8.17,7.75,610764.19,0.44,5.69,7.906,7.746,7.942,420511.88,433099.27,529746.62,3.72
2015-05-18,7.66,7.83,7.73,7.56,292492.41,0.03,0.39,7.838,7.744,7.909,390169.32,432677.42,533717.63,1.78
2015-05-15,7.92,7.92,7.7,7.61,339407.59,-0.24,-3.02,7.844,7.811,7.916,419499.94,475178.73,556495.0,2.07
2015-05-14,7.99,8.03,7.94,7.8,324176.38,-0.05,-0.63,7.794,7.841,7.917,424985.79,479713.42,566517.52,1.97
2015-05-13,7.78,8.11,7.99,7.71,535718.81,0.16,2.04,7.648,7.862,7.903,447687.03,490645.1,581744.22,3.26
2015-05-12,7.78,7.88,7.83,7.66,459051.41,0.07,0.9,7.586,7.866,7.906,445686.67,501056.62,593916.35,2.8
2015-05-11,7.55,7.78,7.76,7.42,439145.5,0.31,4.16,7.65,7.911,7.902,475185.52,530997.5,603654.39,2.67
2015-05-08,7.36,7.45,7.45,7.2,366836.84,0.24,3.33,7.778,7.949,7.893,530857.51,548006.95,605943.76,2.23
2015-05-07,7.54,7.61,7.21,7.18,437682.59,-0.47,-6.12,7.888,8.034,7.885,534441.06,600189.5,615019.45,2.67
2015-05-06,8.16,8.32,7.68,7.59,525717.0,-0.47,-5.77,8.076,8.123,7.901,533603.16,628416.17,621903.67,3.2
2015-05-05,8.52,8.69,8.15,8.13,606545.69,-0.25,-2.98,8.146,8.137,7.901,556426.57,626393.98,626243.7,3.69
2015-05-04,8.05,8.4,8.4,8.05,717505.44,0.4,5.0,8.172,8.074,7.872,586809.47,634757.84,630633.57,4.37
2015-04-30,8.15,8.17,8.0,7.99,384754.56,-0.15,-1.84,8.12,8.02,7.824,565156.39,637811.28,622898.92,2.34
2015-04-29,7.96,8.2,8.15,7.82,433493.12,0.12,1.49,8.18,7.992,7.798,665937.95,653321.63,632582.45,2.64
2015-04-28,8.34,8.39,8.03,7.91,639834.06,-0.25,-3.02,8.17,7.943,7.75,723229.18,672843.34,638763.17,3.9
2015-04-27,8.23,8.49,8.28,8.16,758460.19,0.14,1.72,8.128,7.946,7.717,696361.38,686776.08,641165.14,4.62
2015-04-24,8.12,8.26,8.14,7.98,609240.0,-0.16,-1.93,7.976,7.892,7.666,682706.21,676311.28,639698.85,3.71
2015-04-23,8.14,8.48,8.3,8.06,888662.38,0.2,2.47,7.92,7.837,7.624,710466.18,663880.57,685470.92,5.41
2015-04-22,7.89,8.3,8.1,7.85,719949.25,0.28,3.58,7.804,7.735,7.567,640705.3,629849.4,684984.33,4.38
2015-04-21,7.6,7.85,7.82,7.5,505495.06,0.3,3.99,7.716,7.678,7.487,622457.5,615391.17,680198.08,3.08
2015-04-20,7.83,7.84,7.52,7.51,690184.38,-0.34,-4.33,7.764,7.665,7.425,677190.78,626093.43,680385.39,4.2
2015-04-17,7.85,8.13,7.86,7.81,748039.81,0.14,1.81,7.808,7.67,7.372,669916.35,626509.29,671964.97,4.56
2015-04-16,7.45,7.72,7.72,7.26,539858.0,0.06,0.78,7.754,7.627,7.304,617294.96,607986.56,667837.15,3.29
2015-04-15,8.06,8.18,7.66,7.65,628710.25,-0.4,-4.96,7.666,7.603,7.233,618993.51,611843.27,669090.7,3.83
2015-04-14,7.74,8.37,8.06,7.65,779161.44,0.32,4.13,7.64,7.557,7.163,608324.83,604683.0,670220.4,4.74
2015-04-13,7.87,8.01,7.74,7.72,653812.25,0.15,1.98,7.566,7.488,7.067,574996.09,595554.2,652572.0,3.98
2015-04-10,7.3,7.59,7.59,7.25,484932.84,0.31,4.26,7.532,7.44,6.982,583102.23,603086.43,636147.35,2.95
2015-04-09,7.53,7.59,7.28,7.16,548350.75,-0.25,-3.32,7.5,7.411,6.899,598678.16,707061.27,624813.11,3.34
2015-04-08,7.71,7.75,7.53,7.4,575366.88,-0.16,-2.08,7.54,7.398,6.831,604693.04,740119.25,609778.07,3.5
2015-04-07,7.58,7.8,7.69,7.54,612517.75,0.12,1.58,7.474,7.295,6.753,601041.17,745005.0,597494.06,3.73
2015-04-03,7.42,7.64,7.57,7.36,694342.94,0.14,1.88,7.41,7.185,6.667,616112.31,734677.35,588469.28,4.23
2015-04-02,7.48,7.54,7.43,7.28,562812.5,-0.05,-0.67,7.348,7.074,6.583,623070.62,717420.64,578236.6,3.43
2015-04-01,7.19,7.51,7.48,7.17,578425.12,0.28,3.89,7.322,6.98,6.516,815444.37,727687.73,583014.46,3.52
2015-03-31,7.35,7.45,7.2,7.15,557107.56,-0.17,-2.31,7.256,6.862,6.437,875545.46,726338.13,588810.62,3.39
2015-03-30,7.24,7.43,7.37,7.16,687873.44,0.11,1.51,7.116,6.769,6.364,888968.83,735757.8,593939.51,4.19
2015-03-27,7.24,7.43,7.26,7.1,729134.5,-0.04,-0.55,6.96,6.646,6.289,853242.39,709589.8,627441.75,4.44
2015-03-26,7.4,7.87,7.3,7.21,1524681.25,0.15,2.1,6.8,6.523,6.205,811770.66,669208.27,627526.21,9.28
2015-03-25,6.5,7.15,7.15,6.41,878930.56,0.65,10.0,6.638,6.387,6.116,639931.09,542564.95,561158.07,5.35
2015-03-24,6.58,6.65,6.5,6.24,624224.38,-0.09,-1.37,6.468,6.264,6.031,577130.79,479436.9,528441.64,3.8
2015-03-23,6.52,6.66,6.59,6.46,509241.28,0.13,2.01,6.422,6.211,5.983,582546.77,449983.11,497523.42,3.1
2015-03-20,6.49,6.61,6.46,6.38,521775.81,-0.03,-0.46,6.332,6.148,5.931,565937.21,442261.2,490817.25,3.18
2015-03-19,6.3,6.51,6.49,6.22,665483.44,0.19,3.02,6.246,6.092,5.877,526645.89,439052.56,473574.76,4.05
2015-03-18,6.3,6.35,6.3,6.19,564929.06,0.03,0.48,6.136,6.051,5.821,445198.8,438341.18,451075.92,3.44
2015-03-17,6.4,6.4,6.27,6.07,651304.25,0.13,2.12,6.06,6.011,5.771,381743.0,451283.11,428565.61,3.97
2015-03-16,6.05,6.19,6.14,6.03,426193.5,0.11,1.82,6.0,5.959,5.722,317419.46,452121.22,401580.34,2.6
2015-03-13,6.05,6.17,6.03,5.98,325319.19,0.09,1.51,5.964,5.932,5.679,318585.18,545293.71,386942.03,1.98
2015-03-12,5.93,6.0,5.94,5.87,258248.02,0.02,0.34,5.938,5.887,5.636,351459.22,585844.14,376995.64,1.57
2015-03-11,5.98,6.01,5.92,5.84,247650.06,-0.05,-0.84,5.966,5.844,5.597,431483.56,579751.2,373259.7,1.51
2015-03-10,5.95,6.1,5.97,5.91,329686.53,0.01,0.17,5.962,5.797,5.563,520823.22,577446.38,369778.91,2.01
2015-03-09,5.86,6.0,5.96,5.79,432022.12,0.06,1.02,5.918,5.755,5.528,586822.98,545063.73,365062.16,2.63
2015-03-06,6.08,6.21,5.9,5.9,489689.38,-0.18,-2.96,5.9,5.714,5.498,772002.23,539373.31,354253.17,2.98
2015-03-05,5.94,6.14,6.08,5.86,658369.69,0.18,3.05,5.836,5.662,5.468,820229.06,508096.97,339245.42,4.01
2015-03-04,5.78,6.0,5.9,5.75,694348.38,0.15,2.61,5.722,5.59,5.435,728018.84,463810.66,318978.26,4.23
2015-03-03,5.85,5.94,5.75,5.71,659685.31,-0.12,-2.04,5.632,5.531,5.417,634069.54,405848.11,298794.73,4.02
2015-03-02,5.6,6.05,5.87,5.58,1357918.38,0.29,5.2,5.592,5.485,5.403,503304.48,351039.45,284402.86,8.27
2015-02-27,5.51,5.63,5.58,5.49,730823.56,0.07,1.27,5.528,5.426,5.391,306744.39,228590.35,256863.81,4.45
2015-02-26,5.45,5.52,5.51,5.42,197318.56,0.06,1.1,5.488,5.385,5.389,195964.88,168147.14,239825.44,1.2
2015-02-25,5.54,5.54,5.45,5.42,224601.91,-0.1,-1.8,5.458,5.349,5.384,199602.48,166768.2,244489.42,1.37
2015-02-24,5.5,5.56,5.55,5.49,5860.0,0.0,0.0,5.43,5.329,5.383,177626.67,162111.44,247883.92,0.04
2015-02-17,5.38,5.56,5.55,5.38,375117.94,0.17,3.16,5.378,5.3,5.374,198774.43,185060.59,260244.06,2.28
2015-02-16,5.36,5.39,5.38,5.33,176926.0,0.02,0.37,5.324,5.282,5.359,150436.31,169133.03,253348.26,1.08
2015-02-13,5.32,5.42,5.36,5.3,215506.55,0.05,0.94,5.282,5.273,5.344,140329.4,170393.87,268131.06,1.31
2015-02-12,5.29,5.31,5.31,5.25,114722.85,0.02,0.38,5.24,5.28,5.353,133933.93,174145.86,289232.61,0.7
2015-02-11,5.29,5.31,5.29,5.23,111598.8,0.01,0.19,5.228,5.302,5.356,146596.21,191741.35,296466.94,0.68
2015-02-10,5.18,5.28,5.28,5.15,133427.34,0.11,2.13,5.222,5.32,5.349,171346.75,217766.26,298868.74,0.81
2015-02-09,5.13,5.18,5.17,5.08,126391.46,0.02,0.39,5.24,5.355,5.349,187829.75,285137.26,298618.06,0.77
2015-02-06,5.25,5.27,5.15,5.1,183529.19,-0.1,-1.91,5.264,5.393,5.351,200458.33,311503.74,304100.98,1.12
2015-02-05,5.34,5.36,5.25,5.23,178034.27,-0.01,-0.19,5.32,5.418,5.361,214357.8,322210.64,310204.22,1.08
2015-02-04,5.4,5.43,5.26,5.23,235351.47,-0.11,-2.05,5.376,5.436,5.373,236886.48,333656.39,322881.58,1.43
2015-02-03,5.32,5.38,5.37,5.28,215842.38,0.08,1.51,5.418,5.448,5.391,264185.77,335427.52,332282.52,1.31
2015-02-02,5.37,5.37,5.29,5.26,189534.36,-0.14,-2.58,5.47,5.435,5.4,382444.77,337563.48,352533.92,1.15
2015-01-30,5.53,5.62,5.43,5.42,253026.5,-0.1,-1.81,5.522,5.415,5.407,422549.14,365868.25,369621.96,1.54
2015-01-29,5.42,5.55,5.53,5.4,290677.69,0.06,1.1,5.516,5.426,5.399,430063.48,404319.35,364582.83,1.77
2015-01-28,5.58,5.68,5.47,5.45,371847.94,-0.16,-2.84,5.496,5.41,5.383,430426.31,401192.54,363113.87,2.26
2015-01-27,5.54,5.83,5.63,5.52,807137.38,0.08,1.44,5.478,5.378,5.382,406669.27,379971.23,376452.83,4.92
2015-01-26,5.4,5.57,5.55,5.38,390056.19,0.15,2.78,5.4,5.342,5.378,292682.19,312098.85,356866.74,2.38
2015-01-23,5.45,5.48,5.4,5.27,290598.19,-0.03,-0.55,5.308,5.308,5.369,309187.37,296698.22,348006.74,1.77
2015-01-22,5.38,5.53,5.43,5.36,292491.84,0.05,0.93,5.336,5.303,5.361,378575.22,298197.81,341421.77,1.78
2015-01-21,5.22,5.4,5.38,5.22,253062.77,0.14,2.67,5.324,5.309,5.348,371958.77,312106.76,334984.69,1.54
2015-01-20,5.1,5.24,5.24,5.1,237201.95,0.15,2.95,5.278,5.334,5.34,353273.18,329137.52,338974.17,1.44
2015-01-19,5.37,5.37,5.09,4.99,472582.09,-0.45,-8.12,5.284,5.364,5.349,331515.51,367504.36,346862.87,2.88
2015-01-16,5.48,5.67,5.54,5.4,637537.44,0.17,3.17,5.308,5.398,5.369,284209.07,373375.66,339459.6,3.88
2015-01-15,5.25,5.38,5.37,5.16,259409.59,0.22,4.27,5.27,5.371,5.372,217820.39,324846.31,337428.57,1.58
2015-01-14,5.28,5.34,5.15,5.09,159634.83,-0.12,-2.28,5.294,5.356,5.38,252254.75,325035.2,351815.69,0.97
2015-01-13,5.23,5.28,5.27,5.22,128413.62,0.06,1.15,5.39,5.385,5.394,305001.85,372934.43,362687.02,0.78
2015-01-12,5.3,5.3,5.21,5.17,236049.89,-0.14,-2.62,5.444,5.414,5.395,403493.2,401634.64,371084.82,1.44
2015-01-09,5.45,5.53,5.35,5.35,305594.03,-0.14,-2.55,5.488,5.429,5.398,462542.25,399315.26,374809.25,1.86
2015-01-08,5.64,5.71,5.49,5.47,431581.38,-0.14,-2.49,5.472,5.418,5.39,431872.22,384645.74,374294.28,2.63
2015-01-07,5.5,5.63,5.63,5.44,423370.34,0.09,1.62,5.418,5.386,5.366,397815.66,357862.62,377963.86,2.58
2015-01-06,5.4,5.65,5.54,5.37,620870.38,0.11,2.03,5.38,5.345,5.352,440867.01,348810.83,375574.05,3.78
2015-01-05,5.26,5.52,5.43,5.24,531295.12,0.16,3.04,5.384,5.334,5.342,399776.07,326221.38,361946.48,3.24
2014-12-31,5.2,5.28,5.27,5.2,152243.89,0.05,0.96,5.37,5.34,5.336,336088.28,305543.53,351984.79,0.93
2014-12-30,5.33,5.39,5.22,5.21,261298.55,-0.22,-4.04,5.364,5.372,5.341,337419.25,350010.84,364468.6,1.59
2014-12-29,5.54,5.65,5.44,5.28,638627.12,-0.12,-2.16,5.354,5.404,5.349,317909.59,378596.17,371346.6,3.89
2014-12-26,5.36,5.63,5.56,5.32,415415.66,0.2,3.73,5.31,5.402,5.342,256754.64,352439.62,352255.14,2.53
2014-12-25,5.23,5.4,5.36,5.21,212856.16,0.12,2.29,5.284,5.375,5.325,252666.7,340535.0,347396.63,1.3
2014-12-24,5.18,5.27,5.24,5.14,158898.78,0.07,1.35,5.31,5.366,5.323,274998.79,350303.23,358608.34,0.97
2014-12-23,5.14,5.28,5.17,5.11,163750.23,-0.05,-0.96,5.38,5.361,5.33,362602.42,363942.81,376763.75,1.0
2014-12-22,5.4,5.43,5.22,5.14,332852.38,-0.21,-3.87,5.454,5.346,5.346,439282.75,398065.11,398065.11,2.03
2014-12-19,5.43,5.47,5.43,5.19,394975.94,-0.06,-1.09,5.494,5.36,5.36,448124.59,405310.97,405310.97,2.41
2014-12-18,5.57,5.69,5.49,5.45,324516.62,-0.1,-1.79,5.466,5.351,5.351,428403.29,406602.84,406602.84,1.98
2014-12-17,5.5,5.79,5.59,5.42,596916.94,0.05,0.9,5.422,5.331,5.331,425607.67,418329.45,418329.45,3.64
2014-12-16,5.39,5.67,5.54,5.35,547151.88,0.12,2.21,5.342,5.288,5.288,365283.21,388564.87,388564.87,3.33
2014-12-15,5.29,5.45,5.42,5.25,377061.56,0.13,2.46,5.238,5.238,5.238,356847.46,356847.46,356847.46,2.3
2014-12-12,5.27,5.36,5.29,5.22,296369.47,0.02,0.38,5.193,5.193,5.193,351793.94,351793.94,351793.94,1.8
2014-12-11,5.16,5.31,5.27,5.12,310538.5,0.08,1.54,5.16,5.16,5.16,370268.76,370268.76,370268.76,1.89
2014-12-10,5.02,5.19,5.19,4.94,295294.62,0.17,3.39,5.105,5.105,5.105,400133.89,400133.89,400133.89,1.8
2014-12-09,5.23,5.34,5.02,4.96,504973.16,-0.17,-3.28,5.02,5.02,5.02,504973.16,504973.16,504973.16,3.08
